image,ALB,BET,DOL,LAG,NoF,OTHER,SHARK,YFT
img_00005.jpg,2.88053e-11,2.7392e-15,3.08145e-14,5.887e-17,1.0,2.95902e-17,2.00158e-16,2.22933e-18
img_00007.jpg,2.03664e-07,0.999959,1.20174e-09,4.82998e-11,1.26915e-12,1.23913e-11,6.19403e-10,4.05751e-05
img_00009.jpg,0.99995,1.68599e-05,7.35024e-08,2.54113e-08,1.53964e-08,3.13223e-05,1.35607e-09,1.82535e-06
img_00018.jpg,0.999553,0.000101675,5.58924e-06,1.23345e-06,4.54812e-06,0.000225987,1.73713e-06,0.000106476
img_00027.jpg,0.902283,0.0955231,0.000398749,0.000469075,0.000140446,0.00111763,6.43372e-06,6.18275e-05
img_00030.jpg,0.273368,5.24536e-08,2.35051e-07,3.24069e-08,0.726631,4.91629e-07,5.87542e-08,7.81739e-07
img_00040.jpg,0.999814,5.80613e-05,1.28583e-07,7.1636e-07,1.67367e-05,8.82467e-05,4.90106e-06,1.69673e-05
img_00046.jpg,0.0114655,5.03808e-13,9.8994e-12,2.00799e-11,0.988535,2.80461e-08,1.50697e-12,2.0695e-12
img_00053.jpg,0.554884,6.62827e-07,4.10978e-05,7.95764e-07,0.444861,4.7137e-06,6.70911e-07,0.000206633
img_00071.jpg,0.0449643,0.00135288,0.000342396,0.94906,0.00306031,0.00110202,8.07897e-05,3.71978e-05
img_00075.jpg,0.989927,2.18354e-05,4.58788e-08,1.22636e-07,3.79243e-06,0.010047,2.24141e-07,1.54864e-07
img_00102.jpg,0.977728,0.000244407,1.20167e-05,1.24888e-05,0.000418073,0.0113638,1.60819e-06,0.0102193
img_00103.jpg,0.0720115,4.48391e-07,8.72512e-10,2.60223e-07,1.62948e-14,1.10246e-09,6.23323e-09,0.927988
img_00109.jpg,0.999998,1.66503e-11,2.74146e-10,2.40101e-11,1.84884e-06,3.28277e-10,2.28132e-12,1.75556e-08
img_00119.jpg,0.000107462,2.64771e-06,7.04458e-08,3.4615e-08,0.000124623,1.75214e-06,1.65414e-08,0.999763
img_00120.jpg,0.999523,5.4277e-06,1.14239e-07,1.49357e-07,6.24052e-06,0.000463853,8.43042e-08,1.26298e-06
img_00125.jpg,0.915813,0.000105363,0.00258667,2.60649e-06,3.66429e-09,0.0808939,3.90252e-05,0.000559083
img_00128.jpg,7.89491e-09,2.19319e-07,1.43272e-07,7.17743e-14,1.95698e-14,1.05084e-12,1.74805e-12,1.0
img_00129.jpg,0.999335,0.000300385,3.32039e-06,1.37133e-05,4.41069e-05,0.000125301,1.52137e-05,0.000163254
img_00133.jpg,3.16078e-05,6.29251e-10,3.52609e-09,3.27095e-10,0.999968,2.06713e-08,5.46659e-09,7.42113e-10
img_00138.jpg,0.999984,2.74362e-10,6.10949e-10,4.63033e-10,1.58968e-05,3.52226e-08,5.71229e-13,1.66007e-09
img_00141.jpg,3.56042e-20,4.60661e-15,3.77256e-16,7.60783e-23,5.78308e-23,1.22206e-20,6.78676e-23,1.0
img_00152.jpg,1.93556e-18,5.34863e-17,7.17947e-16,1.15632e-20,8.71371e-24,2.19209e-18,2.577e-21,1.0
img_00161.jpg,3.68468e-12,4.42538e-12,1.60341e-13,3.13727e-19,7.274e-15,1.03768e-13,1.27397e-15,1.0
img_00164.jpg,0.000610977,8.38567e-06,5.46463e-05,2.60546e-08,0.101854,3.96035e-05,1.33629e-06,0.897431
img_00170.jpg,0.999991,8.1791e-10,3.86617e-09,4.52362e-08,8.6025e-06,2.65307e-07,8.24838e-11,3.59797e-07
img_00171.jpg,0.978512,2.23326e-08,1.20819e-08,9.18383e-06,2.81705e-06,0.0214755,1.20076e-09,4.16527e-07
img_00172.jpg,2.62425e-09,4.61202e-17,3.58402e-13,3.14574e-17,1.0,1.2881e-13,1.57911e-15,1.87624e-16
img_00175.jpg,0.984552,3.84199e-08,1.89737e-07,3.24329e-05,1.15265e-05,0.0153983,6.68141e-09,5.413e-06
img_00180.jpg,2.44857e-05,4.41288e-08,1.24813e-09,1.66747e-10,7.05363e-07,1.56089e-08,2.33506e-10,0.999975
img_00196.jpg,0.0297989,7.55673e-05,1.61313e-05,5.96775e-06,0.379291,3.67665e-05,9.15619e-07,0.590775
img_00212.jpg,2.43422e-07,6.61259e-11,4.46852e-11,2.43217e-12,5.16295e-10,4.67933e-12,6.25603e-12,1.0
img_00223.jpg,0.998507,9.47379e-07,0.000916563,8.95297e-06,0.000497978,6.25845e-05,3.65287e-08,6.20461e-06
img_00230.jpg,0.994449,3.61198e-08,3.82017e-08,4.29754e-09,2.98777e-11,0.000167037,3.37574e-09,0.00538442
img_00232.jpg,5.23695e-05,3.06633e-08,9.7626e-11,7.70406e-11,1.29901e-11,3.37322e-07,0.999365,0.000582408
img_00244.jpg,0.133412,0.00208517,0.000357878,3.35826e-05,3.61698e-05,0.103782,1.40257e-05,0.760279
img_00272.jpg,0.584551,0.000400437,0.0107831,1.30909e-06,2.65901e-05,8.26874e-08,3.17808e-08,0.404238
img_00280.jpg,0.481071,1.83912e-07,2.31438e-06,7.05293e-07,0.518921,1.86516e-07,1.89667e-08,4.15778e-06
img_00282.jpg,0.837224,5.49765e-09,2.48476e-09,9.56427e-06,3.81583e-06,0.162762,1.24448e-09,6.26563e-07
img_00285.jpg,0.999978,9.32932e-08,3.86059e-08,5.55569e-08,3.23209e-07,2.12819e-05,1.10489e-08,2.99656e-07
img_00289.jpg,0.983303,1.47282e-09,2.46778e-07,7.44982e-08,0.0166956,3.32407e-08,1.72547e-10,1.21945e-06
img_00292.jpg,0.995702,3.91123e-06,6.91235e-06,4.32958e-06,0.0032073,0.000368105,4.54886e-06,0.000702341
img_00302.jpg,0.999969,2.04652e-06,6.00948e-08,3.22943e-07,1.58608e-05,8.43713e-06,3.68917e-07,3.50959e-06
img_00311.jpg,0.999997,2.71291e-12,1.02419e-10,5.77449e-13,1.20717e-07,1.02729e-09,1.44405e-14,2.78321e-06
img_00320.jpg,0.999999,6.79069e-07,8.47114e-12,8.7177e-13,3.24518e-14,2.42605e-09,4.54956e-07,5.07588e-08
img_00331.jpg,0.999964,4.48043e-08,6.56427e-08,3.06279e-09,1.74443e-05,8.99141e-06,8.15372e-08,9.83684e-06
img_00358.jpg,0.999984,1.15401e-09,2.83026e-10,2.41764e-09,4.38144e-07,1.56465e-05,1.35026e-09,5.79638e-09
img_00374.jpg,0.771377,1.32332e-05,5.01858e-06,8.56364e-10,2.83525e-11,7.9587e-08,1.28422e-08,0.228604
img_00375.jpg,0.22722,1.27496e-05,0.594193,2.10904e-05,0.176198,0.00222467,4.29141e-07,0.000130137
img_00376.jpg,1.0,5.79643e-10,1.20921e-09,1.02309e-09,3.53587e-07,5.748e-08,4.15689e-11,3.29402e-08
img_00380.jpg,0.981988,1.47953e-09,1.115e-08,3.48013e-08,0.0180117,5.09201e-07,4.57921e-10,1.14065e-08
img_00383.jpg,0.99968,1.39273e-08,1.41306e-08,2.26869e-09,0.00026029,2.93586e-07,1.12478e-10,5.96378e-05
img_00398.jpg,0.999703,3.91403e-09,1.44562e-08,3.62473e-09,0.000110794,3.82353e-08,1.80197e-10,0.000186077
img_00407.jpg,0.999982,1.81298e-08,5.36006e-07,1.32843e-08,2.68089e-06,1.49217e-05,9.17851e-11,2.96032e-07
img_00417.jpg,2.97704e-09,8.93399e-12,5.33203e-12,4.76739e-14,3.06898e-11,1.45097e-13,6.51743e-14,1.0
img_00432.jpg,0.998116,1.47824e-05,2.10808e-05,8.75154e-06,1.00427e-05,0.00182287,1.21693e-08,7.06525e-06
img_00442.jpg,1.13678e-25,1.70311e-18,4.75823e-16,1.68488e-27,2.42088e-27,1.6966e-24,4.5873e-24,1.0
img_00446.jpg,0.903165,7.44816e-06,7.76071e-06,4.09043e-05,0.0110653,0.0850467,1.52758e-06,0.000665077
img_00469.jpg,0.606165,0.254698,0.00156327,0.0157469,0.00103136,0.11908,0.000174715,0.00154087
img_00473.jpg,0.974242,1.59463e-08,4.1429e-08,1.73572e-08,0.000174355,2.38521e-06,9.55412e-10,0.0255813
img_00483.jpg,0.999992,7.61319e-11,5.49279e-11,5.15625e-12,5.02585e-07,1.14969e-10,8.33842e-13,6.98504e-06
img_00484.jpg,0.00158411,0.546843,7.7731e-07,2.01793e-09,3.08034e-10,1.9269e-08,5.04408e-06,0.451567
img_00486.jpg,0.99954,5.58615e-07,3.6808e-06,9.19141e-07,0.000429128,2.57415e-05,2.26639e-09,3.05145e-07
img_00487.jpg,2.43974e-16,3.17955e-20,3.52286e-21,1.78935e-22,1.0,1.41582e-14,1.64185e-16,6.15307e-16
img_00493.jpg,3.09592e-05,4.44029e-14,2.62738e-11,1.10347e-12,0.999969,1.38072e-10,3.51541e-12,2.93292e-12
img_00518.jpg,0.998706,1.48871e-10,5.48673e-09,2.44127e-09,0.00129286,6.40987e-07,1.11742e-11,3.13352e-07
img_00533.jpg,0.876814,0.00118382,9.56553e-06,8.36382e-06,0.000152814,0.000238907,1.08731e-06,0.121591
img_00538.jpg,0.983935,4.99553e-06,1.44601e-05,6.23469e-07,1.32526e-06,2.64813e-06,4.64409e-07,0.0160401
img_00543.jpg,0.999989,5.36217e-11,1.37201e-09,2.47768e-11,4.43687e-06,1.55263e-08,6.40414e-13,6.66285e-06
img_00550.jpg,0.998479,4.3532e-08,2.04486e-07,1.07431e-07,5.30882e-06,0.00151566,3.84716e-09,1.00995e-08
img_00551.jpg,0.999996,2.41553e-09,4.29447e-09,2.86332e-08,2.02855e-06,9.14788e-07,2.768e-10,1.01834e-06
img_00564.jpg,9.22091e-08,1.05985e-11,8.54247e-11,3.42679e-14,1.0,5.53694e-12,1.52148e-12,1.62766e-14
img_00575.jpg,0.999906,4.14889e-08,1.25102e-08,2.40561e-07,3.34166e-07,9.2058e-05,3.86362e-07,4.55985e-07
img_00582.jpg,0.983323,0.00165721,0.000299543,5.60985e-05,0.000299625,0.00999356,7.69169e-06,0.00436292
img_00584.jpg,0.963067,2.44825e-09,3.21226e-07,1.7614e-08,0.033887,3.89508e-08,1.81598e-08,0.00304596
img_00587.jpg,0.848185,0.00026606,2.99197e-06,8.06765e-06,0.000256588,0.151268,1.32398e-06,1.19518e-05
img_00590.jpg,0.978096,0.000918451,1.27596e-05,1.07761e-05,7.12154e-05,2.68983e-05,2.65338e-06,0.0208613
img_00591.jpg,0.999191,1.38621e-07,1.98196e-07,1.78491e-07,0.000438504,2.34111e-06,5.79241e-09,0.000367995
img_00598.jpg,0.998668,5.80185e-08,1.21821e-05,1.00034e-07,8.21524e-08,4.88142e-06,9.19215e-11,0.00131467
img_00599.jpg,0.999836,3.35282e-07,6.20515e-09,3.56457e-08,1.3151e-05,0.000150382,2.01678e-08,1.63678e-09
img_00612.jpg,0.999998,1.80951e-07,1.13713e-09,8.72083e-10,2.38671e-07,1.50483e-06,7.95563e-09,7.04662e-09
img_00618.jpg,0.996159,1.88874e-10,8.40953e-08,3.75624e-09,0.00384077,1.79588e-08,1.34263e-10,1.94286e-07
img_00620.jpg,0.999685,4.6841e-08,2.04096e-07,4.77957e-08,0.000311453,8.69174e-07,5.44571e-09,2.22663e-06
img_00642.jpg,0.917179,0.0754354,8.98299e-05,0.00226125,0.000715518,0.000525188,7.89484e-05,0.00371494
img_00646.jpg,3.93235e-34,1.75999e-25,5.35386e-25,9.00433e-34,0.0,1.52019e-32,7.32086e-34,1.0
img_00648.jpg,0.999999,6.5348e-12,8.05514e-11,9.80305e-13,7.56254e-08,1.35902e-09,2.16154e-14,9.60347e-07
img_00650.jpg,0.937468,5.16462e-07,8.31062e-07,4.72205e-07,0.0625198,1.0502e-05,1.01336e-08,5.41021e-08
img_00654.jpg,0.970692,2.73774e-07,0.000100584,5.73503e-07,0.0282553,4.22192e-06,9.88533e-08,0.000947091
img_00664.jpg,0.999989,4.26503e-08,7.79117e-08,2.39365e-08,1.03633e-06,3.91559e-08,1.28489e-08,9.26015e-06
img_00667.jpg,0.0521809,9.14088e-06,3.29286e-06,3.22769e-06,0.498646,2.45705e-05,6.26914e-07,0.449132
img_00676.jpg,0.00155063,3.71366e-06,3.53269e-07,2.28768e-07,0.00117625,5.14777e-06,8.12257e-08,0.997264
img_00697.jpg,2.28062e-24,6.49358e-18,2.00259e-19,1.69019e-26,5.99393e-26,2.01485e-23,9.12562e-24,1.0
img_00708.jpg,0.998973,2.82457e-05,3.13832e-06,2.59819e-06,1.96792e-05,7.46031e-05,5.77368e-07,0.000897695
img_00716.jpg,0.85489,0.000343445,2.29559e-06,9.11991e-06,5.65169e-06,7.76301e-06,1.53503e-05,0.144726
img_00717.jpg,0.962619,0.0366746,8.27309e-07,1.74154e-06,1.0909e-06,0.000685566,1.7012e-06,1.56552e-05
img_00718.jpg,0.999948,3.5677e-09,1.07182e-08,7.71613e-08,4.95308e-05,1.12912e-06,1.6861e-10,8.1859e-07
img_00723.jpg,0.242485,6.56102e-06,2.09187e-06,2.62161e-06,0.757247,8.46712e-06,1.5008e-07,0.000248398
img_00724.jpg,0.90353,9.86282e-07,8.50896e-05,1.71566e-06,0.00172607,2.87335e-06,7.08649e-06,0.0946464
img_00726.jpg,0.999844,3.58518e-08,1.56253e-08,7.57733e-09,0.000150054,1.89347e-07,5.74062e-10,5.8769e-06
img_00729.jpg,0.991349,1.88384e-09,3.31719e-08,3.28635e-08,0.00864243,7.6614e-06,4.14112e-10,5.56732e-07
img_00730.jpg,0.995595,0.000923935,1.06112e-05,2.43445e-05,0.00209102,0.000682527,3.42237e-06,0.000669463
img_00757.jpg,0.998247,3.23891e-08,3.64977e-06,6.60238e-06,0.00174014,1.26469e-06,1.20732e-09,9.05593e-07
img_00760.jpg,0.443031,0.0374466,4.60173e-06,0.513101,3.03057e-06,0.00307083,0.00313925,0.000203565
img_00763.jpg,0.0321057,7.45253e-07,5.60546e-07,6.45941e-07,0.829994,7.18559e-06,5.4671e-07,0.137891
img_00764.jpg,0.000336015,5.26553e-07,2.80595e-07,1.43979e-08,0.01839,7.15145e-07,1.54847e-07,0.981272
img_00765.jpg,0.365673,2.16792e-05,4.53539e-06,0.000340556,0.00132133,0.632064,5.41375e-06,0.000569868
img_00772.jpg,1.8469e-13,1.52316e-10,3.865e-08,2.00055e-12,2.4189e-14,1.43215e-12,2.8638e-15,1.0
img_00773.jpg,0.995572,7.04534e-06,0.00407653,5.16134e-05,0.000137698,0.000152936,2.11841e-08,2.24972e-06
img_00777.jpg,0.999767,6.22802e-06,9.83597e-07,1.10483e-05,3.3548e-05,0.000181524,3.41835e-08,3.18845e-08
img_00780.jpg,8.87783e-07,9.70555e-08,1.35919e-07,1.27702e-10,4.40126e-12,2.3166e-08,1.97694e-10,0.999999
img_00798.jpg,0.999595,2.95709e-05,2.80866e-07,5.90114e-07,1.10814e-06,5.71185e-05,6.24238e-08,0.000316088
img_00808.jpg,0.967759,0.000578882,0.000113895,8.37113e-08,7.63274e-09,7.19985e-08,5.11419e-10,0.0315477
img_00816.jpg,0.99798,1.62365e-12,7.5006e-09,3.50937e-10,0.00201969,2.19915e-09,3.22019e-10,6.86476e-08
img_00828.jpg,2.57529e-11,1.29352e-19,1.44756e-16,7.57426e-18,1.0,1.54069e-11,3.91356e-15,1.01569e-17
img_00833.jpg,0.999909,5.19241e-07,3.48589e-08,3.01627e-08,1.23992e-05,7.11334e-05,1.76415e-07,6.29972e-06
img_00837.jpg,0.998459,1.14265e-07,0.00151105,1.95576e-08,2.22037e-05,7.19239e-06,4.52597e-10,5.70904e-07
img_00855.jpg,0.00102317,2.31192e-05,6.73797e-08,6.45511e-10,7.17722e-08,8.73307e-09,2.84142e-08,0.998953
img_00857.jpg,0.999997,3.22317e-07,1.07442e-08,2.37077e-09,1.16702e-08,2.37109e-08,1.59338e-07,2.36601e-06
img_00858.jpg,0.999053,5.24691e-10,1.8824e-09,5.33864e-09,0.000231919,1.75029e-07,2.32851e-10,0.000714819
img_00865.jpg,0.983341,0.0166442,8.99283e-07,2.89867e-07,1.53479e-07,2.42839e-06,3.85654e-08,1.10701e-05
img_00876.jpg,0.00159001,1.28355e-06,1.47232e-07,1.1512e-07,0.00151758,6.11072e-06,1.04396e-07,0.996885
img_00889.jpg,1.76837e-07,3.33146e-07,2.17201e-05,1.02737e-11,9.3188e-13,1.42462e-08,1.12299e-10,0.999978
img_00894.jpg,0.88138,6.56252e-07,1.43716e-06,4.92275e-07,0.118212,1.08766e-07,5.32147e-08,0.000405409
img_00902.jpg,3.96836e-05,4.5344e-08,2.26364e-10,2.20183e-10,5.83116e-11,1.47322e-07,0.999944,1.61158e-05
img_00914.jpg,0.00302922,1.44532e-08,1.58266e-07,1.46529e-11,3.63366e-05,9.37183e-09,3.27593e-09,0.996934
img_00921.jpg,0.998335,3.09585e-07,2.54609e-08,3.16225e-07,0.00139022,0.00027281,2.35791e-09,1.02622e-06
img_00927.jpg,0.996561,2.06194e-05,7.48716e-06,9.8183e-06,0.000103593,7.56711e-06,9.51259e-07,0.00328935
img_00943.jpg,0.999972,1.46036e-10,6.77739e-11,2.23215e-12,3.66483e-08,1.11447e-10,9.81157e-13,2.76757e-05
img_00948.jpg,0.0353731,2.7623e-08,5.90759e-08,1.04951e-07,0.964625,5.64589e-07,5.37278e-09,5.59713e-07
img_00950.jpg,0.000262212,9.91098e-11,6.80138e-10,2.36784e-10,0.999738,2.61148e-09,6.21815e-11,4.04988e-11
img_00959.jpg,0.996362,1.00556e-10,2.65681e-09,3.46854e-09,0.00363723,5.76274e-08,4.13873e-11,3.08555e-07
img_00962.jpg,1.67886e-11,1.0399e-09,1.20945e-11,4.9066e-14,4.98398e-14,1.84722e-13,2.76463e-15,1.0
img_00964.jpg,3.82197e-12,4.15824e-05,0.961618,1.61102e-14,1.51881e-12,5.34646e-10,9.94163e-11,0.0383407
img_00966.jpg,0.105635,1.99028e-08,3.02119e-07,3.26874e-08,0.894361,8.18066e-07,4.93548e-08,2.11641e-06
img_00974.jpg,0.979398,0.0172904,5.5859e-05,0.000250528,1.6769e-05,0.00027957,2.70795e-06,0.00270564
img_00979.jpg,2.90349e-16,1.36868e-12,3.52008e-15,3.27499e-22,2.38215e-23,8.20272e-21,1.08462e-18,1.0
img_00982.jpg,0.998379,0.00020937,0.000224794,2.26907e-06,8.33784e-05,0.000107355,1.61819e-08,0.00099337
img_00985.jpg,0.997824,7.39323e-07,6.75559e-07,1.19196e-06,0.000664063,0.00117525,2.98181e-06,0.000330791
img_00999.jpg,0.999919,1.18032e-06,1.45385e-07,6.98101e-08,1.43205e-05,4.81748e-07,4.57768e-09,6.53051e-05
img_01022.jpg,0.970165,9.27706e-07,8.17333e-07,6.33181e-05,0.0297683,1.66385e-06,7.1456e-09,5.49991e-08
img_01031.jpg,0.56719,8.04308e-07,5.01239e-06,6.01913e-07,0.432562,0.000240717,2.74138e-07,1.07675e-07
img_01035.jpg,0.999486,0.000426356,9.59764e-07,1.91178e-06,1.07776e-05,7.40983e-05,2.37771e-08,2.11441e-07
img_01043.jpg,5.10128e-06,4.64418e-08,3.52248e-07,5.17816e-10,0.999992,1.16537e-07,2.11546e-06,7.63482e-09
img_01058.jpg,0.98991,6.27651e-05,5.26656e-05,3.74808e-06,0.000108831,0.0005944,3.68509e-05,0.00923101
img_01059.jpg,0.989394,2.05481e-06,5.1119e-07,2.49315e-07,7.10132e-05,0.0105309,1.06667e-07,1.0761e-06
img_01090.jpg,0.689562,3.13221e-06,2.36371e-06,1.34358e-07,0.308381,1.93246e-07,8.79202e-09,0.00205036
img_01102.jpg,0.000704546,5.38675e-06,8.50045e-07,7.7173e-11,3.19178e-09,9.21027e-12,3.46728e-10,0.999289
img_01103.jpg,0.000130161,0.00306813,0.00533353,1.16585e-07,1.29629e-07,2.63866e-06,3.85154e-08,0.991465
img_01116.jpg,0.994149,0.00449999,0.000298316,0.000456722,4.54163e-05,0.000337449,9.58614e-06,0.000203304
img_01134.jpg,0.999986,2.4204e-09,3.75774e-09,3.4234e-08,1.36345e-07,1.60414e-06,2.51841e-10,1.22552e-05
img_01142.jpg,0.999885,5.18155e-07,2.91133e-07,1.13631e-06,5.43245e-05,1.17856e-05,4.8307e-09,4.6623e-05
img_01168.jpg,0.996556,7.07201e-09,1.36359e-08,0.00306704,4.31883e-05,0.000333432,1.99797e-08,3.54373e-10
img_01171.jpg,0.0217677,1.32336e-06,5.81987e-07,8.10191e-07,0.433134,8.50842e-06,1.23676e-06,0.545086
img_01177.jpg,0.977151,2.07345e-06,5.06521e-06,2.41203e-06,0.0219681,6.08475e-05,1.2947e-07,0.000809845
img_01179.jpg,0.999893,2.29818e-08,1.67665e-07,1.92138e-06,5.19702e-05,5.2859e-05,9.34459e-10,2.16406e-08
img_01188.jpg,0.0240193,5.86227e-07,3.85189e-08,8.63585e-05,0.00014456,0.975747,2.7492e-07,1.89585e-06
img_01198.jpg,0.0939652,1.45872e-07,3.88625e-07,2.92335e-08,0.906018,1.30674e-06,2.89592e-09,1.50912e-05
img_01204.jpg,0.00289916,2.17679e-06,5.48268e-07,2.94088e-07,0.00789349,1.1736e-05,3.31689e-07,0.989192
img_01208.jpg,7.38494e-08,3.00291e-14,4.42593e-13,4.60327e-15,1.0,3.42957e-12,2.94799e-14,8.10783e-15
img_01211.jpg,0.998541,1.55586e-06,7.95943e-08,4.51868e-08,0.00143636,1.0589e-06,1.02851e-08,1.97426e-05
img_01213.jpg,0.99712,0.00276318,5.99093e-06,9.49074e-07,3.52728e-07,2.13057e-05,3.3903e-08,8.86647e-05
img_01222.jpg,0.152699,0.00514302,0.000802003,0.0012219,0.000462668,0.834865,0.000128941,0.00467745
img_01224.jpg,5.08386e-07,2.57185e-07,5.67824e-09,8.96566e-13,8.03232e-14,3.71755e-11,1.54508e-11,0.999999
img_01237.jpg,0.593178,1.14787e-05,7.52562e-05,1.35847e-05,0.289683,0.00195995,6.93059e-06,0.115071
img_01249.jpg,8.78406e-06,4.14588e-14,2.99037e-11,8.3161e-14,0.999991,5.50477e-11,3.96993e-14,5.62008e-11
img_01253.jpg,1.7604e-26,1.00303e-19,3.33852e-23,1.44687e-34,1.06699e-28,4.12292e-27,4.76783e-26,1.0
img_01286.jpg,0.0170932,1.86972e-07,2.75256e-06,1.31987e-07,8.68743e-07,3.70845e-05,2.19009e-08,0.982866
img_01289.jpg,0.990858,6.27039e-06,1.8693e-06,1.37152e-06,0.0087665,0.00035743,5.21655e-06,3.56439e-06
img_01325.jpg,0.0713825,4.69542e-08,7.32683e-07,3.67652e-08,0.928287,5.75228e-06,5.72988e-08,0.000324347
img_01328.jpg,0.996947,8.17117e-05,0.000506871,0.000132092,0.000412779,0.000804126,2.83148e-06,0.00111284
img_01366.jpg,0.666479,5.82374e-08,1.02276e-07,2.24863e-05,2.74427e-05,0.333468,5.23612e-09,2.14235e-06
img_01371.jpg,0.999724,2.61799e-06,1.7002e-07,2.97422e-07,8.12821e-08,1.12432e-07,4.8297e-08,0.000272519
img_01373.jpg,1.67808e-09,3.94162e-16,5.4647e-12,1.99967e-15,1.0,3.87135e-09,5.21627e-15,1.12451e-12
img_01377.jpg,1.31526e-08,1.76765e-18,6.99088e-16,8.00541e-19,1.0,2.51667e-14,6.5972e-17,2.18796e-15
img_01379.jpg,0.981218,9.27678e-12,7.0771e-10,1.98305e-10,0.0187815,1.43438e-08,2.11029e-11,3.14454e-08
img_01384.jpg,0.999995,3.09194e-08,7.94294e-08,4.5428e-08,5.97491e-07,4.43848e-06,1.45864e-08,6.86842e-08
img_01388.jpg,0.984219,0.000187945,6.7154e-05,3.88966e-06,0.000349081,0.0151623,9.57473e-07,9.71671e-06
img_01392.jpg,2.01941e-08,0.0345609,0.829487,1.74875e-10,1.63993e-08,8.60607e-08,2.01397e-08,0.135952
img_01399.jpg,1.84758e-06,0.964868,3.29724e-09,4.92123e-09,3.02182e-06,1.843e-10,2.81948e-09,0.0351267
img_01404.jpg,0.999895,8.12216e-09,1.21106e-08,1.16889e-08,1.49731e-06,0.000103075,4.02437e-09,7.85251e-08
img_01405.jpg,0.999387,1.65206e-05,1.68906e-07,3.84837e-07,1.14654e-06,0.000593958,3.49983e-07,4.02924e-07
img_01413.jpg,0.999987,2.1379e-12,2.22704e-11,8.40859e-12,1.31446e-05,3.09882e-10,8.50247e-14,9.27075e-10
img_01426.jpg,0.0733751,0.364727,2.41428e-05,1.08391e-05,5.29384e-07,0.000455961,0.00124521,0.560161
img_01431.jpg,0.935857,0.0234865,2.85518e-05,0.0220172,2.26073e-05,0.0182153,9.22621e-05,0.00028016
img_01441.jpg,3.17966e-09,1.34556e-09,3.06007e-12,3.35161e-16,4.02765e-12,1.50072e-10,4.86822e-11,1.0
img_01444.jpg,0.999877,5.82788e-06,1.02952e-06,8.41157e-07,3.82927e-05,4.94399e-05,5.02325e-08,2.72739e-05
img_01490.jpg,6.14497e-20,4.92651e-16,3.65424e-14,8.30242e-21,6.70483e-23,7.84116e-23,1.60159e-23,1.0
img_01495.jpg,0.893023,9.95193e-06,4.91126e-06,1.6691e-08,6.42224e-10,1.41225e-08,3.02304e-10,0.106962
img_01505.jpg,0.000350501,1.98034e-05,6.84473e-07,4.48442e-07,0.00720104,3.57433e-05,3.91893e-07,0.992391
img_01511.jpg,0.998832,4.30032e-06,3.45142e-06,1.00181e-06,2.56418e-05,0.00113367,2.94591e-08,2.54339e-07
img_01519.jpg,0.999977,9.86888e-08,9.18833e-09,2.58884e-07,8.22696e-07,2.20267e-05,7.34277e-08,4.61435e-08
img_01530.jpg,0.926817,3.67508e-08,8.28274e-07,1.14673e-07,0.073179,9.07394e-08,3.91909e-09,3.13744e-06
img_01537.jpg,0.998277,1.49488e-08,6.49096e-07,3.8719e-07,0.00165546,6.4174e-05,4.4355e-09,2.49651e-06
img_01538.jpg,0.999491,0.000470584,2.35974e-08,7.73376e-08,8.25907e-09,3.79004e-05,1.45258e-08,6.48447e-07
img_01541.jpg,0.00266825,1.54729e-07,1.26401e-07,7.29803e-08,0.997329,5.64864e-07,1.07505e-08,2.07663e-06
img_01543.jpg,0.999485,1.72625e-09,4.86149e-07,2.29646e-08,0.00051074,3.71329e-06,6.11287e-11,3.79856e-08
img_01548.jpg,0.999993,4.85366e-13,8.23305e-10,1.08196e-10,7.43897e-06,1.25415e-09,1.7952e-11,1.65831e-08
img_01552.jpg,0.999994,6.03466e-08,7.29801e-12,1.46143e-12,4.24407e-15,4.89438e-10,2.88779e-06,3.33085e-06
img_01561.jpg,2.38707e-07,5.12852e-14,6.70323e-12,1.54379e-14,1.0,1.57852e-11,7.28085e-16,1.21784e-14
img_01562.jpg,0.999931,2.22937e-06,7.89796e-09,2.05093e-08,1.15685e-06,6.41041e-05,2.15146e-08,1.13821e-06
img_01571.jpg,0.999318,2.39062e-09,7.6973e-09,4.86363e-10,2.12869e-05,2.17865e-08,1.5166e-10,0.000661118
img_01593.jpg,0.98735,6.10271e-05,3.63703e-06,3.06599e-06,0.000400869,0.00066539,5.04291e-06,0.0115104
img_01595.jpg,4.95435e-06,3.51964e-14,1.48962e-12,1.6129e-13,0.999995,2.57132e-11,1.79962e-12,2.49788e-11
img_01616.jpg,0.999985,2.05523e-07,4.75123e-09,1.81574e-09,4.24103e-06,1.19267e-08,9.73815e-11,9.98112e-06
img_01618.jpg,0.99999,2.56235e-07,6.15582e-10,6.46007e-08,1.70561e-08,1.00813e-05,2.17694e-09,4.98566e-08
img_01627.jpg,0.999999,1.94028e-08,1.94552e-10,1.89605e-09,2.18179e-11,2.09244e-07,5.54187e-11,8.13355e-07
img_01632.jpg,0.999967,1.3116e-10,1.09299e-08,3.92715e-09,3.31443e-05,8.69375e-10,6.90268e-10,2.43292e-07
img_01633.jpg,0.999958,1.50201e-07,1.58474e-10,1.55529e-11,6.95612e-11,4.17387e-05,1.3286e-10,1.0458e-09
img_01640.jpg,0.999998,5.49945e-12,1.69045e-10,1.92271e-12,3.00166e-07,7.21109e-09,7.48288e-14,1.53489e-06
img_01646.jpg,0.975058,0.0168697,0.000100134,0.000103071,0.000131076,0.000376259,0.000892568,0.00646949
img_01647.jpg,4.54112e-05,3.78133e-13,9.49087e-12,7.29608e-13,0.999955,3.42951e-11,4.48476e-12,1.52598e-12
img_01649.jpg,0.779286,1.90345e-06,1.33317e-06,9.11169e-06,0.220335,0.000360801,1.51157e-06,5.1496e-06
img_01657.jpg,2.25823e-14,1.15697e-11,0.999818,1.88655e-14,6.97422e-13,2.27348e-13,5.23013e-14,0.000182107
img_01669.jpg,0.860299,0.046862,7.98601e-05,0.0831661,0.00015679,0.00771175,0.000674971,0.0010492
img_01673.jpg,0.781604,5.92327e-08,2.63435e-07,3.59949e-08,0.218395,2.10948e-07,4.3712e-09,8.49396e-07
img_01681.jpg,3.00541e-05,2.6537e-09,3.85212e-11,1.24648e-12,4.80786e-09,2.12125e-09,3.33359e-12,0.99997
img_01684.jpg,0.867455,0.010504,0.000201621,7.42098e-05,0.0700581,0.00821363,1.31838e-05,0.0434799
img_01685.jpg,0.999748,2.17422e-06,4.48812e-05,4.37112e-06,0.000129527,6.66681e-05,2.21606e-08,3.96201e-06
img_01687.jpg,0.87633,0.01333,2.3814e-05,1.35663e-05,3.83832e-05,0.00299126,8.42431e-06,0.107265
img_01688.jpg,0.999418,3.30182e-06,3.14424e-07,1.92608e-07,5.01688e-05,0.000525449,2.55036e-07,1.81201e-06
img_01689.jpg,0.0121147,0.370061,0.00388669,4.37156e-05,1.25168e-05,0.000176024,4.68077e-05,0.613659
img_01716.jpg,1.18864e-08,1.80117e-15,7.46825e-14,1.69757e-14,1.0,2.90184e-10,2.36082e-13,3.33403e-14
img_01717.jpg,0.070589,7.45212e-07,1.74911e-07,1.11271e-07,0.929387,2.17012e-06,1.94153e-08,2.09703e-05
img_01724.jpg,0.987914,8.01366e-08,8.77954e-07,4.77099e-07,0.0119126,0.000157756,1.14499e-08,1.42725e-05
img_01745.jpg,0.999441,5.9207e-07,3.06262e-05,4.82142e-05,0.000260111,7.88538e-05,1.25066e-07,0.000140141
img_01771.jpg,0.982363,0.00201894,1.38591e-05,6.17912e-07,1.72569e-08,1.37897e-07,1.13053e-06,0.0156026
img_01773.jpg,0.999608,4.42317e-06,7.0452e-09,1.78285e-08,7.02623e-07,0.000387084,1.18911e-08,2.02813e-07
img_01781.jpg,0.000247993,2.10238e-13,1.5079e-10,3.16517e-11,0.999681,7.05023e-05,2.99674e-13,1.23597e-10
img_01782.jpg,7.72993e-09,4.88412e-18,6.29399e-16,7.75238e-17,1.0,2.43197e-13,1.0117e-14,2.64027e-14
img_01802.jpg,0.993975,6.60758e-10,9.61094e-09,1.32041e-09,0.00602427,7.54337e-08,9.493e-11,5.42902e-07
img_01803.jpg,9.91969e-11,2.18176e-05,0.999939,2.57068e-14,1.21205e-10,3.90848e-13,8.02984e-11,3.92e-05
img_01824.jpg,0.999995,2.1378e-08,7.06177e-10,4.2233e-10,3.02719e-08,4.86213e-06,9.23683e-11,6.89567e-10
img_01825.jpg,0.68006,0.133708,2.26969e-05,6.03682e-05,0.186104,1.96956e-06,2.01169e-06,4.06237e-05
img_01831.jpg,0.999982,3.29555e-10,1.1123e-09,5.9469e-08,1.78404e-05,2.85321e-07,1.9365e-11,7.35795e-08
img_01834.jpg,5.58695e-08,2.50817e-08,2.3342e-10,4.82847e-13,1.82767e-14,2.01022e-14,3.70829e-12,1.0
img_01847.jpg,0.0700957,0.00133128,6.53146e-07,1.06708e-06,2.19015e-06,0.00278194,2.76795e-07,0.925787
img_01853.jpg,0.988768,2.88332e-05,6.12896e-06,3.16817e-06,4.75037e-05,1.42953e-06,5.3649e-07,0.0111448
img_01856.jpg,0.999995,2.81853e-08,1.39786e-09,4.30821e-08,1.83355e-06,6.19587e-07,2.37435e-10,2.93394e-06
img_01860.jpg,0.999865,1.78451e-06,4.40214e-08,1.56148e-08,8.11537e-08,0.000107186,7.76814e-09,2.6043e-05
img_01862.jpg,0.98592,1.08927e-07,1.14551e-06,5.06898e-07,0.0138688,0.000171366,1.87683e-08,3.8513e-05
img_01874.jpg,0.936046,9.24592e-10,1.33369e-09,1.60366e-11,0.0600903,0.00386344,1.96791e-08,1.09494e-10
img_01888.jpg,0.868885,0.00243966,2.58573e-05,0.00437705,0.000490803,0.123636,4.51795e-05,0.000101027
img_01918.jpg,0.797152,0.0298189,0.0260722,0.0117518,0.00941676,0.00638475,0.00190545,0.117498
img_01930.jpg,0.998068,3.06113e-07,5.0511e-07,1.4866e-06,0.0018816,4.81569e-05,5.08159e-08,1.22506e-07
img_01932.jpg,0.9201,0.0133744,0.000109905,0.000671409,0.000269506,0.0652794,3.27578e-05,0.000162573
img_01955.jpg,5.76067e-22,7.94305e-21,2.18745e-23,7.50816e-32,4.57386e-25,9.49058e-25,8.04203e-25,1.0
img_01963.jpg,0.999999,8.26857e-09,1.34073e-10,2.42667e-09,6.91253e-08,4.41629e-07,4.59159e-11,2.37074e-08
img_01966.jpg,0.999986,8.63684e-06,5.016e-09,7.76482e-08,2.30949e-08,4.31186e-06,1.61786e-08,9.93741e-07
img_01976.jpg,0.993341,5.72183e-06,2.37593e-05,8.81109e-08,2.2355e-05,3.43128e-06,1.25745e-08,0.00660402
img_01983.jpg,0.996427,6.19369e-09,1.31823e-07,3.95191e-08,0.00356966,5.06983e-07,7.80525e-10,2.15801e-06
img_01984.jpg,3.98527e-07,0.027573,1.30019e-08,5.48195e-12,3.43461e-12,1.13946e-10,6.03968e-11,0.972426
img_01995.jpg,0.518948,0.0874465,0.00255072,0.00411427,0.0338025,0.00251857,0.000353371,0.350266
img_01996.jpg,0.997202,1.45354e-09,7.83783e-10,3.62391e-09,7.13318e-06,0.00279068,7.21568e-09,2.57448e-09
img_02001.jpg,0.153263,1.68154e-08,2.08937e-10,2.13396e-09,0.0189325,0.827805,1.60708e-08,6.93609e-10
img_02006.jpg,0.968436,8.01181e-05,0.0251331,8.06468e-05,0.00546146,0.000335325,8.22266e-07,0.00047216
img_02066.jpg,0.994939,6.99796e-08,4.61309e-07,1.86057e-07,0.00505317,6.44077e-07,2.08474e-08,6.33967e-06
img_02074.jpg,0.999997,2.93194e-10,3.54067e-08,1.22222e-09,3.02539e-06,1.2804e-07,2.80713e-12,1.41866e-07
img_02076.jpg,0.449717,0.00426167,1.23778e-05,1.5946e-05,0.00019427,1.11864e-06,4.96774e-07,0.545797
img_02077.jpg,0.999337,2.24934e-07,3.95022e-06,4.01119e-05,4.57725e-05,0.000564055,4.97092e-09,8.65849e-06
img_02078.jpg,0.00544953,2.13733e-09,6.5044e-06,9.31732e-11,0.992457,9.38362e-08,2.94833e-08,0.00208724
img_02082.jpg,0.0562491,1.02024e-07,2.13839e-07,1.21462e-07,0.943735,4.07655e-06,9.69597e-08,1.08551e-05
img_02083.jpg,2.20607e-10,3.55604e-14,2.40584e-12,3.45741e-14,1.0,7.12325e-10,4.72667e-12,2.86045e-15
img_02096.jpg,1.0,4.61417e-11,1.84554e-10,1.29766e-10,1.06321e-07,4.13589e-08,6.31362e-13,1.84549e-07
img_02119.jpg,0.999375,6.81255e-07,0.000542059,1.96908e-06,6.27242e-05,1.69069e-05,1.35806e-08,1.16324e-06
img_02124.jpg,0.961318,5.51181e-11,3.41079e-11,1.25854e-10,3.91872e-05,0.0386428,2.57681e-11,4.66765e-10
img_02135.jpg,4.41845e-06,3.5122e-12,1.59112e-12,4.84359e-13,0.999996,6.06914e-11,1.43402e-10,1.06535e-11
img_02146.jpg,0.999413,1.15574e-05,6.80041e-06,3.36746e-06,0.00053835,1.5335e-06,2.58457e-07,2.53347e-05
img_02159.jpg,0.0170408,2.17735e-07,6.98823e-05,3.25733e-07,0.982831,6.96365e-07,4.57136e-08,5.70692e-05
img_02172.jpg,0.993123,1.53749e-09,6.46274e-07,7.54087e-08,0.0068713,3.13028e-06,7.41689e-10,1.90341e-06
img_02180.jpg,1.0,7.53381e-10,4.47903e-10,7.50079e-09,1.03266e-08,4.92114e-09,1.9446e-12,1.61025e-09
img_02188.jpg,0.999954,4.21863e-07,8.25772e-08,2.85749e-07,1.92672e-05,3.43195e-06,2.35347e-07,2.19848e-05
img_02194.jpg,0.999391,4.99741e-11,2.18639e-08,2.80382e-09,0.000608909,7.36871e-09,1.14777e-11,3.66155e-07
img_02209.jpg,0.924176,5.78551e-09,1.69088e-08,3.54774e-08,4.3454e-05,0.0757805,8.23887e-10,1.9749e-08
img_02216.jpg,0.00387407,0.000810353,5.72294e-06,8.67171e-08,0.867829,2.30484e-06,7.02115e-07,0.127477
img_02231.jpg,0.00384974,0.00860129,0.0189013,0.0147467,0.043661,0.909813,7.60945e-06,0.000419876
img_02235.jpg,0.212451,0.00168127,0.000118553,0.000415477,0.0015799,9.50098e-05,5.37657e-05,0.783605
img_02252.jpg,1.0,7.05322e-12,4.12507e-11,3.57942e-11,2.80204e-07,8.78645e-10,1.4515e-12,2.38747e-07
img_02268.jpg,0.999992,3.45434e-09,2.58661e-08,6.86968e-08,7.14297e-06,4.0279e-07,4.13558e-10,3.21638e-07
img_02270.jpg,0.999958,7.72407e-08,7.94564e-08,4.66964e-08,1.30264e-05,1.35946e-06,7.7431e-09,2.75808e-05
img_02281.jpg,0.00449049,1.99731e-06,6.80495e-05,0.994928,0.000489381,2.08052e-05,7.01704e-07,4.90784e-07
img_02282.jpg,2.52511e-30,4.83336e-25,3.00819e-21,1.38591e-31,2.51478e-31,1.29072e-25,4.17135e-28,1.0
img_02285.jpg,0.853891,1.59327e-12,8.81785e-11,1.12089e-10,0.146109,9.06349e-09,6.27582e-13,3.2248e-10
img_02291.jpg,1.0,1.88754e-08,1.15641e-09,5.37813e-10,1.38315e-07,9.04592e-08,9.57593e-10,3.02415e-09
img_02299.jpg,0.0185653,0.00227357,0.00159666,6.81503e-05,0.000320367,0.969837,5.3284e-05,0.00728535
img_02305.jpg,0.499845,0.0125748,0.000206071,0.00242917,0.0315822,0.00827405,1.50962e-05,0.445073
img_02307.jpg,0.554347,2.85753e-06,1.50818e-05,1.44593e-06,0.00135645,5.6504e-05,4.82955e-06,0.444216
img_02309.jpg,0.999991,1.61371e-10,5.29169e-10,1.66418e-11,2.21935e-06,5.72408e-09,3.86024e-13,7.11724e-06
img_02318.jpg,1.3069e-06,9.34543e-10,2.11282e-10,5.75757e-12,1.62963e-08,9.87957e-10,1.4218e-11,0.999999
img_02347.jpg,0.351907,8.21023e-07,4.36237e-06,3.55333e-07,0.64793,2.2473e-06,1.56575e-08,0.000154756
img_02356.jpg,0.000601153,3.43177e-08,1.78455e-08,2.27983e-09,0.000365697,8.43903e-08,2.97138e-09,0.999033
img_02367.jpg,0.999139,5.66323e-05,1.96333e-05,8.86954e-06,0.000682748,1.53462e-05,8.84517e-07,7.7014e-05
img_02372.jpg,2.65065e-08,1.52973e-12,4.19842e-11,1.41373e-14,1.0,6.27183e-12,5.62344e-15,4.65258e-17
img_02379.jpg,0.00156302,1.15405e-08,2.51621e-08,2.09045e-09,0.000220925,5.38918e-07,1.24719e-09,0.998216
img_02384.jpg,0.999938,2.39473e-06,1.85366e-07,8.47744e-07,1.01034e-07,6.50632e-06,2.55519e-05,2.66587e-05
img_02398.jpg,0.990338,0.00229735,1.24052e-05,0.000154181,4.12464e-05,0.00695572,1.59278e-06,0.000199306
img_02400.jpg,0.999093,8.31822e-06,0.000508781,9.38606e-06,8.58048e-05,0.000272534,7.33049e-08,2.20227e-05
img_02406.jpg,0.999702,1.47027e-07,9.59965e-06,3.08547e-05,2.83442e-06,0.000242458,1.2453e-09,1.16501e-05
img_02412.jpg,0.966025,1.89156e-05,2.40322e-07,9.19123e-07,1.26807e-05,0.00017161,2.34534e-08,0.0337709
img_02416.jpg,0.363275,3.42395e-05,0.000780094,3.1429e-05,0.00149109,0.000636093,1.86651e-08,0.633752
img_02422.jpg,0.996298,1.0884e-05,4.09726e-07,1.4702e-05,2.87039e-05,0.00364684,1.08124e-07,3.64521e-07
img_02479.jpg,8.02381e-22,9.25949e-25,3.76591e-21,1.0949e-26,1.0,3.02993e-15,1.44232e-15,1.76912e-18
img_02486.jpg,0.998141,8.859e-05,0.000105067,7.88878e-06,0.000468345,0.000295572,1.2074e-07,0.000893327
img_02487.jpg,0.999954,1.07227e-10,5.51213e-11,3.33088e-12,3.56088e-08,6.56555e-10,2.00832e-12,4.60939e-05
img_02507.jpg,0.996751,8.63791e-06,3.5323e-05,7.19309e-06,0.00261542,0.000579514,1.98412e-08,2.5951e-06
img_02522.jpg,0.99602,0.00177546,1.3217e-06,2.98263e-05,0.00112514,0.00101438,3.19494e-05,1.70568e-06
img_02540.jpg,0.999443,1.33496e-07,1.16764e-06,5.87732e-07,1.67377e-05,0.000533301,1.00536e-09,4.79182e-06
img_02546.jpg,0.162231,0.000228028,8.67391e-06,2.8038e-06,0.000429035,3.35981e-05,7.07963e-07,0.837066
img_02556.jpg,0.000463791,1.57009e-06,4.53574e-09,5.54515e-10,2.66817e-08,2.74789e-09,1.02567e-08,0.999535
img_02560.jpg,3.02884e-06,2.30431e-10,1.57266e-09,8.00025e-10,0.999997,2.558e-09,5.79193e-12,6.20339e-11
img_02563.jpg,6.4045e-11,5.13079e-13,3.64524e-13,4.97125e-16,1.0,1.66516e-15,1.65447e-15,1.11741e-16
img_02565.jpg,0.995786,1.036e-05,2.93349e-07,8.19423e-06,0.000350273,0.00383471,6.35153e-08,9.70459e-06
img_02573.jpg,0.996497,0.00115002,0.000759774,3.62339e-05,0.000216996,7.78215e-05,4.11278e-07,0.00126129
img_02574.jpg,0.795101,0.00011321,0.000402344,1.77528e-05,0.000139184,0.0129298,6.38859e-06,0.191291
img_02602.jpg,0.994595,0.000617228,1.04187e-05,7.30351e-06,0.00474878,1.95194e-05,1.68876e-06,1.13113e-07
img_02607.jpg,0.995126,2.11987e-09,2.93095e-08,7.64643e-09,0.0046901,5.59295e-05,3.89209e-09,0.000127503
img_02622.jpg,0.999996,5.91089e-08,1.54496e-09,1.15365e-08,1.16769e-06,2.20213e-06,4.88622e-09,1.31833e-07
img_02625.jpg,0.999685,2.15658e-09,7.29215e-09,1.64802e-08,2.5345e-05,0.000289287,3.80596e-10,4.98323e-07
img_02636.jpg,0.817555,4.20231e-05,2.44739e-05,7.4787e-08,0.121666,3.52535e-08,1.26215e-06,0.0607112
img_02638.jpg,0.999987,5.18974e-09,1.17957e-07,4.38414e-09,7.6251e-09,6.54871e-08,5.14721e-12,1.30665e-05
img_02641.jpg,0.99993,2.63582e-07,7.0587e-07,7.18844e-07,2.12782e-05,1.26381e-05,7.13751e-09,3.43954e-05
img_02646.jpg,5.25848e-08,3.72914e-07,2.94428e-11,2.64556e-12,2.18389e-09,5.41612e-10,7.6922e-13,1.0
img_02648.jpg,0.000874507,3.48619e-06,0.665521,3.02895e-08,3.27398e-06,9.00267e-06,8.69368e-08,0.333589
img_02651.jpg,0.990147,8.5653e-09,1.48648e-06,5.49439e-08,0.00984807,1.47985e-06,1.16089e-09,1.64188e-06
img_02656.jpg,0.354282,0.63796,1.09645e-05,1.61792e-05,1.3559e-06,6.80398e-05,1.83325e-07,0.00766039
img_02666.jpg,0.999975,1.06531e-10,2.13823e-09,1.15701e-09,2.43823e-05,1.9764e-09,1.14387e-10,1.02018e-07
img_02679.jpg,0.976032,8.7628e-07,5.04401e-07,3.71424e-09,1.01239e-05,6.94856e-09,3.50312e-10,0.0239564
img_02687.jpg,3.8601e-05,1.02895e-08,2.99295e-09,5.35586e-10,4.28852e-06,1.94616e-07,5.87621e-10,0.999957
img_02699.jpg,0.966381,3.94239e-08,6.83254e-09,1.35708e-09,7.79643e-06,4.80043e-07,1.70238e-09,0.03361
img_02702.jpg,0.999635,3.18681e-13,2.34404e-08,3.71049e-10,0.000363775,1.67263e-11,7.63595e-10,8.80149e-07
img_02703.jpg,0.0332762,1.60632e-05,1.87824e-06,2.51392e-07,0.00367373,3.28176e-06,4.57793e-08,0.963029
img_02709.jpg,0.999846,5.21183e-08,1.10131e-06,1.00773e-05,0.000133097,4.19872e-06,2.98434e-09,5.2129e-06
img_02726.jpg,0.989774,6.88447e-09,8.6158e-07,6.66389e-08,0.0102234,1.70668e-07,1.8998e-09,1.13088e-06
img_02733.jpg,0.998558,1.89233e-07,1.87308e-06,4.55342e-05,0.00122137,1.20233e-05,4.74561e-08,0.000161156
img_02734.jpg,0.368119,0.614219,0.00559699,0.00125531,0.000846725,0.00873686,1.53075e-05,0.00121076
img_02739.jpg,0.999989,8.63905e-11,8.59487e-10,1.7753e-11,8.45433e-06,6.46049e-09,4.51027e-13,2.45844e-06
img_02749.jpg,0.999981,1.95507e-09,1.79722e-08,2.10356e-07,1.65587e-05,1.28758e-06,1.76368e-10,8.1726e-07
img_02759.jpg,1.48559e-08,1.5648e-08,1.53026e-09,1.67934e-11,6.53436e-15,5.282e-13,9.42663e-14,1.0
img_02764.jpg,0.999827,1.13262e-10,3.20537e-08,3.24259e-09,0.000172357,1.94765e-08,1.91068e-11,2.35674e-07
img_02766.jpg,1.0,2.3817e-08,5.18336e-11,6.53841e-12,9.91176e-12,7.8272e-10,2.77515e-08,1.81346e-07
img_02769.jpg,4.02409e-14,6.60575e-14,3.73733e-12,8.48174e-17,6.21216e-21,1.036e-18,1.40828e-18,1.0
img_02771.jpg,0.999994,4.8556e-08,1.35816e-12,3.04395e-11,2.98022e-12,6.40992e-06,3.5499e-10,2.32591e-08
img_02789.jpg,0.0324458,1.75687e-08,2.58233e-08,2.37042e-08,0.96755,1.31428e-07,3.48669e-09,3.63337e-06
img_02799.jpg,0.998863,3.84644e-09,1.10852e-08,1.70081e-09,0.00108643,1.17334e-07,2.88397e-10,4.99684e-05
img_02808.jpg,0.999983,1.4137e-07,4.12228e-07,1.76111e-08,7.26344e-07,1.47177e-05,1.86621e-10,5.83324e-07
img_02811.jpg,0.999951,1.93889e-09,2.24542e-08,3.7163e-08,4.76279e-05,2.81795e-07,2.46318e-10,9.36904e-07
img_02830.jpg,0.964566,0.0264363,0.000131484,2.9574e-05,1.08851e-05,0.00246965,6.47469e-06,0.00634995
img_02834.jpg,0.997292,0.000422159,2.69594e-05,2.28468e-05,0.000205257,0.000415954,3.62559e-06,0.00161161
img_02837.jpg,0.855031,0.0136372,0.00457656,0.000110594,0.00316132,0.0718359,5.16656e-05,0.0515957
img_02838.jpg,0.96614,9.18699e-06,2.80857e-05,6.84744e-07,0.0336962,3.21278e-05,2.59695e-07,9.32354e-05
img_02842.jpg,0.990745,2.5906e-11,1.02781e-10,2.25436e-09,0.00268204,0.00657336,5.10191e-11,2.27866e-11
img_02857.jpg,0.932408,3.86749e-05,6.18807e-05,9.7602e-06,0.0481634,2.19591e-06,1.158e-06,0.0193151
img_02865.jpg,0.00201168,2.36018e-06,2.3432e-07,1.48155e-07,0.0049321,3.97313e-06,1.08491e-07,0.993049
img_02871.jpg,0.997726,0.00138412,9.24863e-06,1.10177e-05,4.25621e-06,1.88941e-05,2.07742e-05,0.000825495
img_02876.jpg,9.26622e-05,6.74422e-09,1.41185e-07,1.37999e-11,2.43335e-07,3.33244e-10,5.60198e-10,0.999907
img_02889.jpg,0.999864,2.84115e-08,4.22509e-07,1.27461e-05,0.000111423,1.04372e-05,2.37107e-09,7.77568e-07
img_02890.jpg,0.969522,4.46725e-08,7.36209e-07,0.000143711,6.94207e-05,0.030256,2.63293e-08,8.15271e-06
img_02899.jpg,0.998999,7.28545e-09,7.6972e-08,7.9934e-08,0.0010005,4.65104e-07,2.07014e-09,2.70943e-07
img_02904.jpg,0.445673,4.3468e-09,8.61481e-08,6.56385e-09,0.554327,1.41253e-07,1.5777e-09,3.85489e-07
img_02911.jpg,0.0076962,4.23023e-05,0.000415192,0.99132,0.000509409,1.17005e-05,4.01702e-06,7.23103e-07
img_02916.jpg,0.610678,3.5776e-06,1.47861e-06,1.54704e-06,0.387916,0.00139885,7.8697e-07,2.98233e-07
img_02920.jpg,0.999999,3.78528e-08,4.33704e-10,7.24875e-10,1.77279e-09,6.60813e-07,5.78273e-11,1.78957e-07
img_02943.jpg,0.999994,7.07064e-10,7.04021e-10,8.55538e-09,4.03648e-08,7.39089e-08,4.65123e-11,5.55266e-06
img_02949.jpg,0.999984,3.50632e-07,1.46696e-06,1.12491e-06,6.21056e-06,7.64686e-08,6.96869e-09,6.92347e-06
img_02954.jpg,0.0624765,2.17912e-07,1.43464e-07,3.69564e-08,0.936993,2.22841e-07,3.85568e-08,0.000529885
img_02956.jpg,0.0790221,1.83585e-06,1.77736e-06,1.0526e-09,1.22282e-08,2.42529e-07,5.87563e-09,0.920974
img_02964.jpg,3.80687e-21,3.8878e-19,4.03368e-16,5.06242e-23,4.69398e-22,3.17854e-20,7.04783e-25,1.0
img_02974.jpg,0.998553,9.57702e-10,2.04247e-08,3.08633e-10,0.00144208,1.3591e-08,2.69866e-10,5.38767e-06
img_02977.jpg,0.986948,0.00192388,4.12254e-06,8.50555e-07,0.00862274,1.9115e-07,8.97541e-08,0.00249992
img_02993.jpg,1.979e-08,1.06099e-07,2.65993e-07,2.93156e-12,2.64252e-14,1.70822e-10,4.62701e-12,1.0
img_03014.jpg,7.52244e-06,6.85948e-05,1.31996e-09,3.22681e-10,0.999924,1.05897e-09,6.00539e-12,4.10602e-09
img_03043.jpg,0.000266061,0.00074526,0.000594813,2.31634e-07,1.75781e-07,0.000247935,9.66505e-06,0.998136
img_03055.jpg,0.999832,0.000120439,5.65134e-08,5.24553e-08,1.91998e-07,4.47146e-06,5.81549e-08,4.25354e-05
img_03064.jpg,0.999993,1.18818e-07,7.0031e-08,7.61627e-08,6.23006e-07,4.66833e-06,3.53093e-09,1.36659e-06
img_03069.jpg,0.999996,1.21488e-07,3.50994e-10,7.0634e-09,6.591e-10,4.87837e-07,1.3662e-08,3.14651e-06
img_03074.jpg,0.991578,0.00419403,8.2958e-05,3.81425e-05,0.000101474,0.00312019,0.000279449,0.000605499
img_03078.jpg,0.999596,1.60232e-06,1.29674e-07,5.09629e-06,1.48175e-10,0.00028369,1.19392e-07,0.000113042
img_03080.jpg,0.999996,7.35916e-10,5.93959e-10,1.30105e-08,5.95619e-07,3.01683e-06,4.32132e-11,4.01751e-07
img_03082.jpg,0.999459,0.000217564,8.70275e-08,4.14914e-10,1.7051e-08,1.18844e-09,2.39376e-11,0.000323204
img_03087.jpg,6.64844e-07,1.07822e-09,6.42025e-11,7.27004e-13,0.999999,2.21137e-10,2.22465e-12,1.14027e-13
img_03116.jpg,0.0422134,6.7487e-07,8.66465e-07,5.81456e-07,0.311126,4.19878e-06,1.23007e-06,0.646653
img_03128.jpg,0.999994,2.5975e-08,1.096e-08,3.96159e-09,2.53132e-06,1.86964e-07,2.01714e-09,2.79924e-06
img_03135.jpg,4.52115e-05,4.79629e-09,3.72571e-11,4.86593e-12,3.40911e-11,3.79574e-12,5.62679e-11,0.999955
img_03140.jpg,0.999926,7.08312e-05,3.0309e-07,1.91917e-07,2.05174e-06,3.66713e-07,3.04583e-09,2.24711e-07
