image,ALB,BET,DOL,LAG,NoF,OTHER,SHARK,YFT
img_00005.jpg,0.000819345,7.56978e-08,2.58535e-05,3.39822e-07,0.999142,1.13231e-05,7.51415e-07,5.76574e-07
img_00007.jpg,0.991223,0.000117268,0.0030993,9.95334e-05,0.00108104,0.00253379,3.39943e-05,0.0018119
img_00009.jpg,0.0166906,0.000260079,3.25306e-07,4.92279e-06,2.09033e-06,0.982264,0.000451077,0.000326544
img_00018.jpg,0.998819,9.03799e-05,3.18691e-05,1.63371e-05,0.000618448,0.000145393,8.99647e-06,0.000269328
img_00027.jpg,0.234414,0.00687217,0.000263477,0.000729921,0.000234159,0.75311,6.97771e-05,0.0043068
img_00030.jpg,0.594203,0.00127295,0.000127619,0.000281988,0.307544,0.00103263,0.0738598,0.0216781
img_00040.jpg,0.914426,0.0159912,8.60807e-05,0.00612344,0.0137615,0.0080838,0.0309814,0.0105465
img_00046.jpg,0.999789,4.88075e-09,3.11705e-05,9.4901e-07,0.00016742,2.75772e-06,7.66637e-06,1.27893e-06
img_00053.jpg,0.643332,2.01073e-05,0.00012847,0.000569856,0.349246,0.000221432,8.24229e-05,0.00639937
img_00071.jpg,0.0218626,1.24072e-07,0.000474256,0.977408,0.000162747,7.06978e-05,7.86198e-06,1.34725e-05
img_00075.jpg,0.979514,0.000583158,0.000424188,0.000338439,0.00010774,0.0171804,0.00185149,5.48043e-07
img_00102.jpg,0.000763507,7.20409e-05,4.04928e-07,2.41035e-05,3.08438e-07,0.00051748,2.2616e-05,0.9986
img_00103.jpg,0.990009,3.01021e-06,0.000412055,0.00953321,1.31587e-05,2.60844e-05,3.22973e-06,2.96673e-07
img_00109.jpg,0.999772,5.24414e-08,4.90531e-06,1.94731e-06,9.06929e-05,0.000108289,7.55266e-06,1.4264e-05
img_00119.jpg,0.000847503,8.83481e-09,0.000306975,0.000299257,2.77714e-06,6.16203e-07,9.35163e-09,0.998543
img_00120.jpg,0.575997,0.000186651,2.8969e-05,0.000470139,0.000480238,0.0754168,0.0104235,0.336997
img_00125.jpg,0.984383,2.3009e-05,0.00319271,0.000226167,7.55945e-05,0.00779815,0.000176703,0.00412466
img_00128.jpg,0.017558,0.504536,0.30444,0.000199448,0.000727755,9.11576e-06,0.00193621,0.170593
img_00129.jpg,0.92908,0.00202069,0.000607816,0.00730225,0.00440611,0.019587,0.0126392,0.0243566
img_00133.jpg,0.00575649,1.82913e-05,1.53706e-05,4.64988e-05,0.994144,1.4507e-05,4.8268e-06,1.21239e-07
img_00138.jpg,0.998236,4.21652e-05,3.73204e-05,8.36214e-05,0.000897595,0.000463658,4.84456e-05,0.000190786
img_00141.jpg,1.80376e-09,7.75742e-09,1.48225e-07,6.23544e-09,5.41951e-10,1.51509e-09,1.12037e-08,1.0
img_00152.jpg,2.00567e-08,1.7371e-07,9.26673e-09,1.00176e-06,3.2297e-08,2.05036e-08,1.56144e-08,0.999999
img_00161.jpg,3.35213e-05,2.62655e-06,4.05685e-06,4.88901e-07,1.51602e-07,4.83731e-05,1.65199e-06,0.999909
img_00164.jpg,9.05113e-05,9.73677e-07,2.92153e-05,6.50572e-06,0.998798,0.000970453,1.54772e-06,0.000103207
img_00170.jpg,0.988497,5.33415e-06,0.00031287,0.00821119,0.000933159,0.000347753,2.96694e-05,0.00166289
img_00171.jpg,0.128324,0.000126903,0.000870387,0.00474252,0.0173843,0.846722,0.000571816,0.0012577
img_00172.jpg,0.000269453,2.75425e-06,2.5722e-06,7.77986e-07,0.999714,5.20468e-06,1.95631e-06,3.64573e-06
img_00175.jpg,0.169064,0.00025015,0.000681139,0.00298346,0.0459812,0.779592,8.09156e-05,0.00136689
img_00180.jpg,2.20862e-05,2.49815e-08,6.08052e-05,0.00022378,4.23352e-08,4.604e-08,2.2771e-08,0.999693
img_00196.jpg,0.0438218,4.58182e-05,0.0111603,0.00415916,0.141906,0.000208956,1.46639e-05,0.798683
img_00212.jpg,0.0458145,5.39163e-07,2.67315e-06,3.60169e-06,1.96248e-05,9.07963e-06,1.0599e-06,0.954149
img_00223.jpg,0.987679,2.13862e-06,0.0121074,3.34233e-05,8.84876e-05,7.72312e-05,7.0395e-06,4.89023e-06
img_00230.jpg,0.999563,3.25566e-05,2.34948e-05,5.48611e-05,0.000112449,0.000162979,1.0079e-05,4.00903e-05
img_00232.jpg,5.4002e-06,1.41505e-05,2.1853e-07,7.26433e-06,9.54363e-07,1.10734e-05,0.999688,0.000272966
img_00244.jpg,0.845957,0.000196259,0.0393076,0.046516,8.99772e-05,0.0461634,0.000193369,0.0215763
img_00272.jpg,0.984851,6.09592e-05,0.0107591,0.000959566,0.00050655,0.000760225,0.000101851,0.00200068
img_00280.jpg,0.362336,0.000327237,0.00142942,0.000784699,0.610492,0.0111694,0.00500551,0.00845616
img_00282.jpg,0.14354,0.000163009,0.00143307,0.00547089,0.0902994,0.757023,0.000560045,0.00151044
img_00285.jpg,0.866063,0.00057342,0.000148521,0.00224804,0.00097632,0.00229631,0.00591798,0.121776
img_00289.jpg,0.999646,1.99451e-07,3.75679e-06,3.83507e-06,0.000290636,6.09739e-06,2.29168e-06,4.74764e-05
img_00292.jpg,0.693462,0.00308008,6.24479e-05,0.00968938,0.0162597,0.000164651,0.00104395,0.276237
img_00302.jpg,0.911399,0.00989324,9.56561e-05,0.00129056,0.0187272,0.0321444,0.0234163,0.00303303
img_00311.jpg,0.992711,0.000195453,5.08995e-06,6.75545e-06,0.00695234,2.75993e-05,1.88749e-05,8.23257e-05
img_00320.jpg,0.999534,2.42092e-05,9.1953e-07,3.68727e-06,3.8373e-06,0.000136699,0.000292832,4.24168e-06
img_00331.jpg,0.116908,3.60979e-05,1.22829e-06,5.11925e-05,0.00177057,0.827059,0.000140564,0.0540337
img_00358.jpg,0.944357,8.28806e-05,0.00015113,0.00030497,0.0016662,0.0395226,0.000212794,0.0137028
img_00374.jpg,0.905821,2.2839e-05,0.000165819,4.50796e-05,5.37572e-06,0.000216386,3.84021e-05,0.0936847
img_00375.jpg,0.159882,0.000562087,0.0522051,0.000723066,0.361536,0.419541,0.000633601,0.00491739
img_00376.jpg,0.966165,0.000593819,0.00469925,0.000161101,0.0116553,0.00777687,0.000175786,0.0087727
img_00380.jpg,0.923386,0.000165348,0.000231904,0.00418984,0.0254778,0.0460263,0.000314116,0.000209325
img_00383.jpg,0.980893,0.00588824,0.000349714,0.000240945,0.0077565,0.00344099,0.000436274,0.000993949
img_00398.jpg,0.892471,0.00230861,6.64972e-06,4.31056e-05,4.98335e-05,0.000112338,0.0167958,0.0882124
img_00407.jpg,0.99978,2.8149e-05,0.000111083,9.80759e-06,6.04919e-05,4.88279e-06,1.69304e-06,3.45216e-06
img_00417.jpg,0.0313043,2.26744e-07,1.17232e-06,3.01906e-06,7.81119e-06,4.61423e-06,7.95074e-08,0.968679
img_00432.jpg,0.81417,0.00022098,0.0923558,0.000150911,0.00411574,0.0687385,6.84201e-06,0.0202408
img_00442.jpg,3.9403e-08,6.24994e-09,4.82052e-09,7.95015e-09,3.93856e-10,1.09614e-07,5.35612e-07,0.999999
img_00446.jpg,0.926653,3.92015e-06,3.27613e-05,4.6525e-05,0.000133664,0.000520076,1.78393e-05,0.0725922
img_00469.jpg,0.931199,0.000175197,0.000891436,0.000557775,0.000258347,0.0666834,0.000198107,3.64607e-05
img_00473.jpg,0.984479,5.94896e-06,0.000125408,5.86553e-05,0.00352895,4.95448e-05,4.75928e-06,0.0117474
img_00483.jpg,0.990724,0.00344937,4.31067e-06,1.1881e-05,0.000136501,0.000734228,0.00138997,0.00354997
img_00484.jpg,0.985384,0.000598893,0.00176284,0.00982294,4.01517e-05,0.000634823,0.00157755,0.000179052
img_00486.jpg,0.99929,2.52598e-05,0.000173487,0.000124629,0.000340619,4.1425e-05,3.74645e-06,6.72262e-07
img_00487.jpg,8.94184e-14,1.81719e-15,1.58754e-13,4.36873e-12,1.0,4.71998e-13,1.78391e-14,6.16983e-17
img_00493.jpg,0.0102255,8.74589e-06,3.54124e-05,2.13195e-05,0.98969,1.03649e-05,2.32456e-06,6.51791e-06
img_00518.jpg,0.978557,1.48301e-07,1.84585e-05,1.73277e-05,0.021373,4.32857e-06,2.36527e-05,6.02512e-06
img_00533.jpg,1.71475e-05,3.1324e-07,3.45089e-08,9.46513e-07,5.40291e-07,3.5697e-07,3.88946e-07,0.99998
img_00538.jpg,0.961338,1.16113e-05,0.000129484,0.000389442,0.00129562,0.000785338,1.84911e-05,0.0360321
img_00543.jpg,0.981923,5.55306e-05,1.66763e-05,5.61333e-06,0.0171613,3.18602e-05,1.92205e-05,0.000787001
img_00550.jpg,0.94645,0.000112821,0.0147835,4.17831e-05,0.00766735,0.0303205,1.7273e-05,0.000607164
img_00551.jpg,0.951492,1.92424e-05,6.77078e-05,0.00032703,0.000137871,0.000814455,0.000106643,0.047035
img_00564.jpg,0.00517141,7.92709e-06,0.000161513,2.26621e-05,0.994074,0.000466828,3.11663e-06,9.23514e-05
img_00575.jpg,0.752193,0.000380092,4.69993e-05,7.74015e-05,0.00126095,0.244833,2.67818e-05,0.00118146
img_00582.jpg,0.932097,0.00129864,0.0371329,0.000793463,0.00168704,0.0176193,8.97654e-05,0.0092819
img_00584.jpg,0.626545,0.000434399,0.000189592,0.000178282,0.30315,0.000910751,0.00078174,0.06781
img_00587.jpg,0.32466,0.0223642,0.00112433,0.00149977,0.00310823,0.366892,0.00190197,0.27845
img_00590.jpg,0.394544,0.000608103,0.000416684,0.000105043,0.000703756,0.0122143,5.44652e-06,0.591402
img_00591.jpg,0.395594,0.000194699,0.000185104,0.000136114,0.0113365,0.186606,0.00101584,0.404932
img_00598.jpg,0.666356,0.000136653,0.000459128,0.000373787,0.000109976,0.000166026,1.15311e-05,0.332387
img_00599.jpg,0.54551,0.00245882,0.00019927,0.000561621,0.00360519,0.415406,0.0168051,0.0154533
img_00612.jpg,0.238262,2.56439e-05,9.79922e-07,4.8917e-05,0.00033718,0.761253,6.78593e-05,4.03048e-06
img_00618.jpg,0.999844,6.39445e-08,9.31361e-07,1.609e-06,0.000141411,6.78966e-07,9.42575e-07,1.02832e-05
img_00620.jpg,0.930839,2.88786e-06,0.000190268,0.000572556,0.0660797,0.0015471,9.11233e-05,0.00067741
img_00642.jpg,0.00101819,9.9473e-07,0.000138185,0.998724,5.49031e-05,8.23725e-06,7.24944e-06,4.86046e-05
img_00646.jpg,1.33786e-09,7.93078e-09,3.74957e-07,9.67926e-09,1.43844e-10,2.73104e-08,8.93866e-07,0.999999
img_00648.jpg,0.988872,0.000207011,2.88568e-06,6.41638e-06,0.0108621,1.55746e-05,9.84327e-06,2.38133e-05
img_00650.jpg,0.895479,0.000101005,9.38698e-05,0.000102578,0.0570356,0.0465579,0.000548853,8.12184e-05
img_00654.jpg,0.883281,0.000169739,0.000626844,0.000309498,0.112576,7.15498e-05,0.000186874,0.002778
img_00664.jpg,0.999243,0.00059351,8.27656e-05,1.93341e-06,2.84211e-05,2.12712e-06,9.10467e-06,3.88106e-05
img_00667.jpg,0.0339646,1.88999e-06,0.00241253,0.00436673,0.0103861,0.0001022,1.49948e-05,0.948751
img_00676.jpg,0.0033387,7.26688e-07,0.00221058,0.0010377,0.000230536,1.32085e-05,5.08642e-07,0.993168
img_00697.jpg,6.71823e-11,3.79894e-10,2.40961e-09,3.47305e-09,8.19704e-11,5.24801e-11,1.10293e-08,1.0
img_00708.jpg,0.940733,0.000746751,4.94219e-05,0.00119845,0.000610383,0.0394962,0.0046421,0.0125238
img_00716.jpg,0.0365795,0.0221777,0.00637555,0.0235693,0.000115037,0.0126205,0.296153,0.602409
img_00717.jpg,0.630463,0.00131084,0.000805814,0.000383004,0.000498411,0.366252,8.48641e-05,0.000202426
img_00718.jpg,0.970063,0.000114643,5.62603e-05,9.3691e-05,0.000349812,0.009497,3.10412e-05,0.0197948
img_00723.jpg,7.82343e-06,5.67479e-07,1.00541e-06,1.92845e-06,0.99996,3.80621e-07,2.78229e-05,9.60817e-08
img_00724.jpg,0.0280159,3.65742e-05,1.0602e-05,0.000292195,2.53731e-05,0.00162467,0.943414,0.0265806
img_00726.jpg,0.999979,1.12779e-06,8.22393e-07,5.83016e-07,8.90506e-06,2.32452e-06,7.12592e-06,7.36408e-08
img_00729.jpg,0.988624,8.83102e-08,6.32124e-06,1.48786e-05,0.0112304,2.82566e-05,8.296e-05,1.30773e-05
img_00730.jpg,0.24853,6.41533e-05,0.00100479,0.000507206,0.00206668,0.000463923,0.00339667,0.743967
img_00757.jpg,0.995881,0.000343088,6.13857e-05,0.000547425,0.00119018,0.000292707,7.95427e-05,0.00160432
img_00760.jpg,0.00472317,4.67242e-08,0.000544075,0.994713,7.70541e-07,1.34287e-05,1.43284e-06,3.96862e-06
img_00763.jpg,0.000475003,1.50249e-06,3.23124e-05,2.16856e-06,0.999429,2.36944e-06,3.60027e-06,5.43614e-05
img_00764.jpg,0.00447661,5.80431e-06,0.00155413,4.48978e-05,0.000256037,3.57864e-05,5.48214e-06,0.993621
img_00765.jpg,0.000224793,0.000184217,7.25974e-06,0.992073,8.59666e-07,0.00571933,0.000686914,0.00110416
img_00772.jpg,0.00522479,0.000451021,0.166568,0.000222595,0.00272324,0.000189031,0.00270584,0.821915
img_00773.jpg,0.998691,1.07085e-05,0.000430989,0.000248228,6.48446e-05,0.000528217,1.81537e-05,7.23282e-06
img_00777.jpg,0.967869,4.30947e-06,0.000349581,0.000833436,0.000477129,0.0304522,1.38669e-05,8.81955e-08
img_00780.jpg,7.05582e-05,1.37359e-06,4.91686e-05,4.17904e-07,2.57446e-07,1.13193e-05,7.34878e-06,0.999859
img_00798.jpg,0.989418,4.19068e-06,0.00326172,0.000397713,0.00330946,0.00346702,4.78258e-06,0.000137345
img_00808.jpg,0.982332,0.00165688,0.00300657,0.000452201,0.000201266,0.000585217,4.72396e-05,0.0117192
img_00816.jpg,0.998919,7.46687e-05,3.78317e-05,1.07697e-05,0.000652845,1.27425e-05,1.17024e-05,0.000280436
img_00828.jpg,6.573e-06,2.5207e-06,5.82963e-06,4.44521e-07,0.999938,1.0713e-06,4.48575e-05,2.31394e-07
img_00833.jpg,0.962887,0.00176536,4.20335e-05,0.00134914,0.00593994,0.0143249,0.00718264,0.00650867
img_00837.jpg,0.876225,0.000610172,0.00119296,2.50242e-05,0.121285,0.000644677,9.98042e-06,6.87481e-06
img_00855.jpg,0.653752,0.00223526,0.00297873,0.000300265,0.00309859,0.0093362,0.000145877,0.328153
img_00857.jpg,0.999931,9.01867e-06,8.93869e-07,1.36824e-06,4.78702e-06,8.56088e-06,3.87466e-05,5.55685e-06
img_00858.jpg,0.999825,2.2229e-07,8.70527e-07,7.76365e-06,6.63303e-05,3.68908e-06,8.98996e-07,9.50275e-05
img_00865.jpg,0.989743,8.79983e-05,0.000108553,0.000126365,2.49699e-07,0.00990682,1.31756e-05,1.37094e-05
img_00876.jpg,0.0150694,1.60621e-06,0.00109663,0.000564549,0.0016703,8.35275e-05,1.49792e-06,0.981513
img_00889.jpg,7.18537e-05,1.19721e-05,0.000679552,2.13263e-05,2.66485e-05,2.5141e-06,2.40441e-05,0.999162
img_00894.jpg,0.761123,0.000273571,0.000600406,0.000363083,0.216726,0.000501486,0.000252362,0.0201596
img_00902.jpg,4.1376e-06,7.24423e-06,3.63599e-07,1.03994e-05,1.25949e-06,1.29275e-05,0.99989,7.39352e-05
img_00914.jpg,2.14277e-06,5.25601e-06,1.02462e-06,1.39513e-08,3.52715e-07,1.47995e-06,1.27127e-07,0.99999
img_00921.jpg,0.461662,0.000714916,0.000309987,0.000290398,0.0546604,0.480583,0.000114189,0.00166544
img_00927.jpg,0.00518311,7.28569e-05,8.5401e-06,6.99639e-06,4.12783e-05,7.36257e-05,2.75992e-07,0.994613
img_00943.jpg,0.965565,0.0299612,8.39508e-07,8.54178e-06,4.28845e-05,0.000881243,0.000313383,0.00322654
img_00948.jpg,0.0435615,0.000360989,0.000395976,6.03648e-05,0.951702,0.00121469,0.000587666,0.00211666
img_00950.jpg,0.00141726,3.64228e-06,3.12882e-06,2.55867e-06,0.998412,0.000157179,4.51131e-06,2.10597e-07
img_00959.jpg,0.988007,4.00337e-08,7.41467e-06,1.10547e-06,0.0119343,4.055e-07,2.07593e-06,4.78607e-05
img_00962.jpg,4.36012e-06,0.000161442,1.45166e-06,3.23144e-06,3.28855e-05,5.28746e-07,3.04595e-06,0.999793
img_00964.jpg,0.000263656,0.00125943,0.998185,1.2039e-06,4.44178e-07,1.95357e-07,0.000203417,8.65516e-05
img_00966.jpg,0.972095,1.82706e-05,5.35109e-05,1.8001e-05,0.0269818,6.14064e-05,0.000584438,0.000188055
img_00974.jpg,0.996774,1.32715e-06,0.00285628,0.00025319,3.23733e-05,5.72185e-05,2.72532e-06,2.32935e-05
img_00979.jpg,0.0314639,0.00397844,0.326669,0.000598857,9.81989e-05,0.0661447,0.0001327,0.570914
img_00982.jpg,0.0788371,0.00196072,0.000114496,0.000333374,0.0407655,0.00220651,0.00145522,0.874327
img_00985.jpg,0.526149,0.00311504,7.55936e-05,0.00569284,0.118373,0.000615276,0.0041732,0.341806
img_00999.jpg,0.888211,0.0020981,0.000378561,0.00012438,0.00958042,0.0124435,0.000157967,0.087006
img_01022.jpg,0.513725,0.00113354,0.000675846,0.00330978,0.404515,0.0358629,0.000885207,0.0398927
img_01031.jpg,0.910435,5.04144e-05,8.16288e-05,0.000308038,0.0469407,0.0419956,0.000148046,3.99929e-05
img_01035.jpg,0.984922,1.05759e-05,0.000278911,0.000194716,0.00182599,0.0126977,6.99134e-05,6.59354e-07
img_01043.jpg,0.00966023,1.63756e-05,0.000199958,0.000108253,0.985912,0.000149237,0.000288111,0.00366564
img_01058.jpg,0.845703,0.00371632,0.00457673,0.000353777,0.124833,0.00109344,0.0132001,0.00652435
img_01059.jpg,0.725393,0.000501374,6.0476e-05,0.000364987,0.000298197,0.269113,0.00229445,0.00197534
img_01090.jpg,0.00289902,0.000251077,0.0002383,8.9082e-06,0.996046,0.00011149,5.70223e-05,0.000387766
img_01102.jpg,0.0609928,0.63568,0.000399677,0.000824734,0.0420197,0.00312008,0.0035185,0.253444
img_01103.jpg,0.27759,0.365381,0.00880978,0.000786439,0.0026393,0.0054984,0.01042,0.328876
img_01116.jpg,0.997618,2.03153e-06,0.00218602,6.45457e-05,6.11874e-05,2.92741e-05,1.19375e-06,3.73852e-05
img_01134.jpg,0.987278,1.75094e-05,0.000106409,6.91162e-05,0.000110598,0.00125597,4.20557e-05,0.0111203
img_01142.jpg,0.988062,3.94557e-06,0.00706312,0.0010481,0.00166974,0.00149335,0.000397959,0.000261951
img_01168.jpg,0.0214169,0.869052,0.000108214,0.0677125,0.000987213,0.0400707,0.000435949,0.000216017
img_01171.jpg,0.000417243,1.29134e-06,0.000131946,2.9931e-06,0.999386,3.52174e-06,1.15244e-06,5.61844e-05
img_01177.jpg,0.984873,4.15722e-06,0.00357506,0.000847319,0.0100008,6.22263e-05,7.38336e-05,0.000563326
img_01179.jpg,0.985054,6.03092e-06,0.000146588,0.000111714,0.014678,2.87502e-06,9.57435e-07,2.55908e-07
img_01188.jpg,0.000589001,6.14395e-05,5.43879e-07,0.992457,2.1385e-07,0.00400216,0.000995043,0.00189482
img_01198.jpg,0.00114732,0.0001196,6.09814e-06,1.19189e-06,0.998672,1.42619e-05,7.85223e-06,3.16138e-05
img_01204.jpg,0.00117522,6.66476e-09,0.000251062,0.00287071,2.7359e-05,5.56748e-07,3.00275e-08,0.995675
img_01208.jpg,7.96638e-05,1.0186e-07,3.0706e-07,1.01429e-07,0.999914,5.71555e-06,1.60027e-07,5.20753e-08
img_01211.jpg,0.981785,0.00141577,6.28373e-06,0.000125907,0.0148031,3.77898e-05,0.000652442,0.00117358
img_01213.jpg,0.991853,5.5861e-06,0.000345126,8.85428e-06,0.00774745,5.08841e-06,7.14576e-07,3.42258e-05
img_01222.jpg,0.924319,0.000291634,0.0150355,0.00562934,0.000240448,0.0507566,2.55448e-05,0.00370187
img_01224.jpg,0.378174,0.0467042,0.0210899,0.00551342,2.38257e-05,0.17922,0.00359781,0.365677
img_01237.jpg,0.272338,3.92476e-06,0.000317133,9.26178e-05,0.714192,0.000290226,0.000707785,0.0120581
img_01249.jpg,0.00223432,2.9006e-06,5.29919e-05,7.86088e-06,0.997655,1.71308e-07,7.39748e-07,4.56618e-05
img_01253.jpg,3.95702e-08,5.40466e-08,1.14725e-07,1.09859e-08,1.68806e-11,7.13018e-08,1.53614e-08,1.0
img_01286.jpg,0.0792324,1.20163e-05,0.000299633,0.00150581,5.40456e-05,0.00245872,0.00113713,0.9153
img_01289.jpg,0.987696,0.000151497,9.21583e-06,4.51099e-05,5.92908e-05,0.0102778,4.11759e-05,0.00172032
img_01325.jpg,9.72129e-05,5.11937e-05,7.35402e-06,7.84102e-06,0.999228,1.0262e-05,0.000146891,0.000451621
img_01328.jpg,0.98483,3.65555e-05,0.000623601,2.41821e-05,0.0143542,2.15152e-05,1.25847e-06,0.000109168
img_01366.jpg,0.0627105,0.000280596,0.000260265,0.00514377,0.0102266,0.920791,5.68367e-05,0.000530992
img_01371.jpg,0.63998,0.00190847,0.000173713,0.000127513,0.337274,0.0157865,0.00455395,0.000196631
img_01373.jpg,0.00366039,9.71146e-06,4.98658e-05,1.48978e-05,0.996015,1.63839e-05,2.06835e-06,0.000231809
img_01377.jpg,0.000418815,1.47263e-07,1.3271e-06,2.16135e-07,0.999579,8.27417e-08,6.67928e-08,3.98088e-07
img_01379.jpg,0.928707,6.57706e-05,0.000537041,0.000634603,0.0602241,0.00753514,0.000157792,0.00213875
img_01384.jpg,0.968481,6.22095e-05,0.0143285,4.67568e-05,0.00401579,0.0103998,9.03783e-06,0.00265659
img_01388.jpg,0.636412,0.00183351,0.000126332,2.10559e-05,0.00192721,0.357614,3.70843e-05,0.0020281
img_01392.jpg,0.000353276,0.00896384,0.107417,5.41167e-05,9.99006e-05,7.81139e-06,0.00866924,0.874435
img_01399.jpg,0.000411075,0.048775,2.9062e-05,1.54337e-05,0.00284044,1.55397e-05,0.000168876,0.947744
img_01404.jpg,0.999957,1.7348e-07,1.64164e-05,2.8192e-06,1.9685e-05,2.26897e-06,1.24314e-07,1.4033e-06
img_01405.jpg,0.997833,9.94849e-06,0.00159552,1.44562e-05,0.000421907,0.000122892,1.70729e-06,8.804e-08
img_01413.jpg,0.616226,3.2617e-05,0.00150704,0.000189092,0.368116,3.58118e-05,0.000163149,0.0137308
img_01426.jpg,2.82409e-06,0.244316,2.44156e-09,2.29516e-07,9.44679e-09,0.000920884,0.754757,2.55213e-06
img_01431.jpg,0.211978,6.85241e-07,0.00262719,0.785134,0.000224226,2.45096e-05,7.53611e-06,4.358e-06
img_01441.jpg,9.74632e-06,2.27914e-06,5.90307e-06,3.66469e-07,2.22346e-07,3.43092e-05,9.04385e-05,0.999857
img_01444.jpg,0.0492637,1.39081e-05,2.95628e-06,8.05265e-06,0.000131897,0.947356,0.000449308,0.00277441
img_01490.jpg,7.7944e-07,1.96113e-05,0.000200529,1.95252e-06,6.73645e-09,2.04075e-08,2.30902e-07,0.999777
img_01495.jpg,0.990479,3.98468e-06,0.00225205,2.55156e-05,9.33113e-05,6.34153e-05,9.3635e-06,0.00707327
img_01505.jpg,0.00570966,4.27562e-07,0.00309092,0.0229222,0.00373401,1.64764e-05,1.22203e-06,0.964525
img_01511.jpg,0.967195,1.59438e-05,0.00784632,0.000304489,0.0115614,0.0113822,2.74521e-05,0.00166669
img_01519.jpg,0.00261924,0.000190386,2.93314e-06,3.89749e-05,0.000109928,0.996951,3.44996e-05,5.27367e-05
img_01530.jpg,0.785435,0.00174779,0.000293496,0.000507068,0.160472,0.0179943,0.00317461,0.030375
img_01537.jpg,0.986909,1.50028e-06,5.53068e-05,5.12836e-05,0.000120038,0.0127998,5.00957e-06,5.77672e-05
img_01538.jpg,0.996198,8.45597e-06,4.03129e-05,0.000123502,0.000120651,0.00347035,3.70817e-05,1.80007e-06
img_01541.jpg,0.00462499,0.000375827,0.00225163,6.31052e-05,0.991825,7.83459e-05,0.000457093,0.00032452
img_01543.jpg,0.975018,2.67139e-05,0.000168187,9.30528e-06,0.0240159,0.000608364,8.6574e-06,0.000144892
img_01548.jpg,0.989371,3.32457e-05,1.5328e-05,3.85076e-06,0.0101579,0.000257595,6.30898e-05,9.83085e-05
img_01552.jpg,0.99998,3.2047e-06,1.45883e-06,6.74283e-07,2.44493e-06,5.17164e-06,3.85313e-06,2.79118e-06
img_01561.jpg,0.000568621,1.2209e-06,3.28074e-06,2.79457e-07,0.99942,3.1023e-06,1.34992e-07,3.34542e-06
img_01562.jpg,0.0344097,7.25976e-05,1.2929e-06,3.0461e-05,3.75188e-06,0.00233355,0.00810126,0.955047
img_01571.jpg,0.991594,0.000139248,0.000226011,1.34478e-05,0.00626934,0.00064127,0.000622665,0.000493818
img_01593.jpg,0.790083,0.00382042,0.000663221,0.000474685,0.0018079,0.0437878,0.000321056,0.159042
img_01595.jpg,9.17515e-05,2.60029e-07,2.15918e-06,3.20491e-07,0.999895,8.7558e-06,1.54641e-06,5.53251e-07
img_01616.jpg,0.995771,0.00216472,6.36115e-07,2.24653e-05,1.82324e-05,0.000378397,0.000169452,0.00147501
img_01618.jpg,0.999412,5.4528e-06,5.19953e-05,9.01259e-05,5.89522e-05,0.000359581,1.28719e-05,8.75464e-06
img_01627.jpg,0.999005,3.71216e-06,7.31068e-06,2.80681e-05,1.49145e-07,0.000949989,2.61916e-07,5.75496e-06
img_01632.jpg,0.977423,0.000309269,5.00991e-05,2.05831e-05,0.0214894,9.3089e-05,9.27002e-05,0.000522002
img_01633.jpg,0.461625,8.76916e-05,2.62167e-06,9.1585e-05,0.000459924,0.537566,0.000125157,4.1939e-05
img_01640.jpg,0.990977,9.69736e-05,4.49151e-06,5.17386e-06,0.00888091,1.1754e-05,1.03498e-05,1.29535e-05
img_01646.jpg,0.964311,0.000263355,0.000417739,0.00254464,0.000244145,0.0253001,0.00688711,3.22705e-05
img_01647.jpg,0.00115213,9.40987e-08,3.88915e-06,4.17064e-06,0.998375,5.07115e-05,0.000413772,1.69517e-08
img_01649.jpg,0.967017,1.31922e-05,4.5624e-05,0.000387041,0.0296949,0.000170672,0.000174206,0.00249711
img_01657.jpg,1.38932e-07,6.87719e-05,0.997951,4.49798e-06,1.35181e-08,1.46195e-09,0.0015853,0.00039019
img_01669.jpg,0.0197343,1.41194e-07,0.000960196,0.979273,1.93657e-05,1.09067e-05,7.98405e-07,1.73254e-06
img_01673.jpg,0.998092,8.15737e-07,1.17267e-08,7.06097e-09,0.00190752,1.87951e-09,3.57548e-08,1.66951e-13
img_01681.jpg,0.78941,2.25525e-06,2.98647e-05,5.20365e-05,0.000421103,0.000212664,7.44428e-06,0.209864
img_01684.jpg,0.441225,0.00180948,0.00255794,0.000128736,0.549078,0.00416494,0.00100352,3.18767e-05
img_01685.jpg,0.970061,5.51726e-05,0.0132118,5.51157e-05,0.00480659,0.0112943,1.67542e-06,0.000514175
img_01687.jpg,0.001893,5.10176e-06,1.8273e-06,3.0226e-06,4.48891e-07,0.000583532,1.30028e-05,0.9975
img_01688.jpg,0.73953,0.000476882,2.85512e-06,0.000418002,6.36219e-05,0.235883,0.00240501,0.0212201
img_01689.jpg,0.0596426,0.000286841,0.0136001,5.69305e-05,0.000808883,0.00250332,0.000733801,0.922368
img_01716.jpg,2.89298e-05,1.1198e-05,2.5614e-05,7.41085e-07,0.999862,1.70424e-06,6.70049e-05,2.33425e-06
img_01717.jpg,6.29911e-06,5.74654e-07,4.80746e-07,1.2135e-06,0.999979,3.43247e-07,1.18462e-05,1.23761e-07
img_01724.jpg,0.983824,2.17136e-06,4.79292e-05,6.75906e-05,0.000161076,0.0157994,6.21552e-06,9.17478e-05
img_01745.jpg,0.870607,0.000270328,0.00745698,0.00476601,0.0212875,0.0600163,0.00105656,0.0345388
img_01771.jpg,0.993395,3.03655e-05,0.00214916,5.04267e-05,0.00422088,6.73515e-05,5.21086e-05,3.48543e-05
img_01773.jpg,0.970768,7.86733e-05,8.90496e-06,9.67276e-05,0.000117671,0.010842,0.00154007,0.0165481
img_01781.jpg,0.0506779,7.02811e-06,2.36316e-05,0.000536072,0.943072,5.96137e-05,2.65969e-05,0.00559679
img_01782.jpg,2.14454e-05,2.00443e-08,4.31262e-07,7.32324e-08,0.999976,1.09506e-06,5.14032e-07,4.44363e-07
img_01802.jpg,0.99995,9.70488e-10,1.34626e-10,5.66082e-10,4.9748e-05,8.15419e-11,3.24197e-10,6.09879e-14
img_01803.jpg,2.41163e-06,3.45336e-05,0.999805,4.1109e-07,4.08087e-07,5.81991e-09,0.000125396,3.17553e-05
img_01824.jpg,0.278721,3.05989e-05,1.58357e-06,6.57334e-05,0.000674643,0.72017,0.000326195,1.0662e-05
img_01825.jpg,0.00103048,0.555605,1.93546e-05,5.87007e-05,0.427573,0.000234432,0.0153735,0.000105393
img_01831.jpg,0.989747,2.27794e-06,9.66501e-05,0.00897195,0.000338531,0.000120485,3.73146e-05,0.000685576
img_01834.jpg,0.0449268,0.00056565,0.271708,0.000889625,0.000169735,0.0105319,0.00910086,0.662107
img_01847.jpg,0.00353278,0.000751432,3.20434e-06,0.000144418,2.16133e-06,0.00816903,5.19731e-05,0.987345
img_01853.jpg,0.00164886,2.67305e-05,6.2669e-06,4.03184e-06,2.07294e-05,8.01513e-06,6.12146e-07,0.998285
img_01856.jpg,0.98287,2.60195e-05,0.000618889,0.000201796,0.0146233,2.8452e-05,1.09856e-05,0.00162082
img_01860.jpg,0.925254,6.62773e-05,0.000331512,1.16845e-05,0.00550507,0.0666776,1.04772e-06,0.00215323
img_01862.jpg,0.972435,3.80815e-06,0.000217143,0.000174118,0.000618594,0.0263429,1.2881e-05,0.000195954
img_01874.jpg,0.210208,1.5748e-05,2.13318e-06,0.00011185,0.0265282,0.762058,0.000756161,0.000320299
img_01888.jpg,0.00966575,0.00621169,2.12422e-05,0.852156,1.0224e-05,0.0897998,0.0209359,0.021199
img_01918.jpg,0.13788,9.04185e-06,0.00120405,0.859419,0.0002652,0.000426962,0.000237566,0.000558161
img_01930.jpg,0.937752,9.93221e-05,0.000531703,0.00815189,0.00561203,0.0470264,0.000631446,0.000195142
img_01932.jpg,0.92226,0.000331946,0.000736413,0.000475063,0.000164061,0.0755059,0.000375883,0.000151078
img_01955.jpg,1.66763e-10,3.82845e-11,3.13344e-09,4.68371e-11,7.42415e-13,4.93177e-11,2.45509e-10,1.0
img_01963.jpg,0.999827,2.7841e-06,2.40498e-05,4.27077e-05,7.31895e-05,2.45559e-05,2.51355e-06,3.51556e-06
img_01966.jpg,0.99671,1.99241e-06,0.000305643,0.00119431,2.89948e-05,0.00172154,2.22584e-05,1.55663e-05
img_01976.jpg,0.828813,0.0115747,0.0111795,0.000259779,0.0247422,0.00882251,0.0029291,0.111679
img_01983.jpg,0.931102,0.00127726,0.00414095,6.57473e-05,0.052771,8.62445e-05,1.36926e-06,0.0105554
img_01984.jpg,0.00257173,3.07051e-05,3.95804e-05,3.65456e-06,7.72856e-10,4.17109e-06,8.22982e-08,0.99735
img_01995.jpg,0.0822061,0.0321578,0.00239816,0.842233,8.61944e-05,0.000254802,0.0035374,0.0371269
img_01996.jpg,0.60324,0.0113571,0.000859214,0.0608371,0.000789197,0.321187,0.00165913,7.13013e-05
img_02001.jpg,0.00429646,5.28951e-05,2.17464e-08,7.22698e-06,6.46055e-05,0.995492,7.44162e-07,8.56021e-05
img_02006.jpg,0.566935,0.00488754,0.00919036,0.365308,0.0086393,0.00106698,0.00244457,0.0415278
img_02066.jpg,0.943122,0.000123676,0.000269844,0.000554177,0.014498,0.00174964,0.00146932,0.0382129
img_02074.jpg,0.998974,0.000106272,0.000667947,1.98356e-05,0.000226839,1.0855e-06,7.83849e-07,3.28824e-06
img_02076.jpg,0.00520966,0.848054,3.44596e-06,2.46862e-05,0.14457,0.000309686,1.81149e-05,0.00181068
img_02077.jpg,0.411469,0.000288065,0.00122345,0.491989,0.0741491,0.0120981,0.00411576,0.00466741
img_02078.jpg,2.71705e-05,1.65342e-08,2.96952e-05,1.64923e-07,0.999941,7.46403e-08,4.97241e-07,1.68572e-06
img_02082.jpg,0.499639,5.99874e-07,0.000107805,4.54257e-05,0.496138,0.000126263,0.00390078,4.21947e-05
img_02083.jpg,0.000297875,1.17349e-05,3.19184e-05,2.47926e-05,0.999577,2.81181e-05,1.83776e-05,1.03231e-05
img_02096.jpg,0.999814,4.74574e-08,2.17293e-05,9.71654e-06,2.25309e-06,0.000134375,2.10761e-06,1.61725e-05
img_02119.jpg,0.997468,2.70649e-06,0.00231898,3.83629e-05,3.32465e-05,9.35324e-05,9.56152e-06,3.52745e-05
img_02124.jpg,0.326833,0.00038685,0.000151882,0.00147355,0.000812776,0.669033,4.44598e-05,0.00126489
img_02135.jpg,0.000850168,9.55264e-06,1.10661e-06,1.27704e-06,0.999127,1.00585e-06,2.98461e-06,7.13176e-06
img_02146.jpg,0.883233,0.000125878,0.000110159,0.000117701,0.113953,0.000225572,0.000656707,0.00157848
img_02159.jpg,0.00162994,1.61078e-06,0.00014149,2.87132e-05,0.99795,7.12443e-07,8.64392e-06,0.000238488
img_02172.jpg,0.993573,3.73429e-06,0.000161314,6.54352e-05,0.00116962,0.00480339,1.39133e-05,0.000209696
img_02180.jpg,0.972238,0.00987334,0.0125394,0.000149228,0.0032986,0.00114078,0.000347342,0.000413854
img_02188.jpg,0.970139,0.00124888,1.17236e-05,0.000656428,0.000140501,0.0114371,0.0037928,0.0125734
img_02194.jpg,0.999892,1.17538e-07,1.89031e-06,3.09462e-06,8.61734e-05,1.91895e-07,1.12607e-07,1.61857e-05
img_02209.jpg,0.0330743,3.39075e-05,7.9933e-06,8.15456e-05,0.000305662,0.966488,2.73918e-06,5.98306e-06
img_02216.jpg,0.250122,0.375977,0.00107093,0.000123959,0.34292,0.005952,0.00040111,0.0234331
img_02231.jpg,0.753932,0.00011377,0.0225135,0.0188182,0.179732,0.00709658,0.00101328,0.0167814
img_02235.jpg,0.000170954,5.42811e-06,9.05653e-06,0.999172,1.55972e-07,1.43247e-05,0.00014771,0.000480537
img_02252.jpg,0.999969,2.45609e-08,4.34002e-07,2.99525e-07,2.44233e-05,6.14544e-07,1.8388e-07,5.24095e-06
img_02268.jpg,0.895773,3.72362e-06,0.00215729,0.100818,6.25866e-05,2.66398e-05,0.00115527,3.30036e-06
img_02270.jpg,0.403232,4.03189e-05,0.00365625,0.00138284,0.57312,0.000235576,0.00110778,0.0172254
img_02281.jpg,0.602025,0.000922048,0.0292364,0.227872,0.0653447,0.00617792,0.000851669,0.0675704
img_02282.jpg,1.39843e-11,6.50729e-10,9.36344e-10,5.57315e-10,1.42591e-12,5.5729e-09,2.00876e-08,1.0
img_02285.jpg,0.991233,4.08845e-08,9.24808e-06,1.14968e-06,0.00855543,0.000125321,6.59615e-05,9.96462e-06
img_02291.jpg,0.999939,1.56476e-05,1.13343e-06,5.50019e-07,3.23045e-05,6.11687e-06,3.31141e-06,1.81303e-06
img_02299.jpg,0.872252,6.82895e-05,0.041278,0.0100371,7.35098e-05,0.0680508,3.58204e-05,0.008204
img_02305.jpg,0.00918315,4.63784e-05,0.000231801,0.906877,1.45393e-05,0.000115843,0.000178371,0.0833528
img_02307.jpg,0.0218648,0.000543646,1.54627e-05,0.000508358,0.00121112,0.000454359,0.0004248,0.974977
img_02309.jpg,0.96807,1.72007e-05,5.30393e-05,8.75067e-06,0.0315577,2.29365e-05,1.41613e-05,0.000256283
img_02318.jpg,0.000293273,3.26676e-08,2.9e-05,0.000164656,3.08547e-07,9.1069e-07,5.83656e-09,0.999512
img_02347.jpg,0.00154378,0.000201459,1.41826e-05,2.29965e-06,0.998005,2.85194e-05,8.04395e-06,0.000196762
img_02356.jpg,0.00157264,4.04681e-07,0.000101056,0.000134808,5.21847e-06,0.000138732,4.11941e-06,0.998043
img_02367.jpg,0.95021,3.12534e-06,5.90905e-05,0.000204087,0.020665,0.000276149,6.38455e-05,0.0285192
img_02372.jpg,0.00268168,2.83414e-06,9.76239e-05,3.75352e-06,0.997178,3.60423e-05,1.21376e-07,1.1637e-07
img_02379.jpg,0.0249857,3.73748e-05,6.43227e-05,8.60654e-05,0.0164988,3.12707e-05,2.64575e-06,0.958294
img_02384.jpg,0.817213,0.000231096,6.58344e-05,0.000134136,0.00138913,0.179339,5.32506e-05,0.00157429
img_02398.jpg,0.140288,0.000488896,0.00129252,0.0169717,0.029257,0.231915,0.00537515,0.574412
img_02400.jpg,0.997094,3.1739e-06,0.00259196,4.00487e-05,5.34256e-06,0.000223559,2.90191e-05,1.26094e-05
img_02406.jpg,0.471221,0.000186616,0.000821879,0.408409,0.0380487,0.023261,0.00830595,0.0497457
img_02412.jpg,0.830165,8.07706e-06,0.000218955,0.000120312,0.000185379,0.000162455,2.4517e-05,0.169116
img_02416.jpg,0.102175,0.00213467,0.000391314,0.000961664,0.454236,0.00105963,0.00214082,0.436901
img_02422.jpg,0.695302,0.000831159,0.000270657,0.00281107,0.00751162,0.104204,0.000336143,0.188733
img_02479.jpg,1.09613e-10,8.81049e-12,4.83363e-11,4.4582e-11,1.0,1.12713e-10,1.48205e-11,5.87904e-13
img_02486.jpg,0.935688,0.000796856,0.00249272,0.000514931,0.000667973,0.039511,0.000676917,0.0196514
img_02487.jpg,0.982405,0.00606409,7.39509e-07,5.57101e-06,3.25868e-05,0.00411302,0.000417479,0.00696187
img_02507.jpg,0.985728,3.06844e-05,0.00660286,3.92666e-05,0.00494349,0.00167696,2.31053e-06,0.000976303
img_02522.jpg,0.860209,0.000474698,0.00197437,0.00411345,0.128054,0.000483857,0.000416045,0.00427412
img_02540.jpg,0.875457,0.000272594,0.0511036,0.00033077,0.0024188,0.0349257,1.50726e-05,0.0354765
img_02546.jpg,0.201539,4.91725e-05,0.000908032,0.000876784,0.000716008,0.0020395,2.95546e-05,0.793842
img_02556.jpg,0.000395536,1.90576e-06,5.87247e-07,3.80343e-07,1.13974e-07,3.94627e-07,1.2942e-07,0.999601
img_02560.jpg,0.00498238,0.00039975,6.27636e-07,2.14146e-05,0.994167,1.21426e-05,9.62642e-06,0.000407523
img_02563.jpg,0.00216465,8.90619e-06,0.000101085,2.17813e-06,0.997692,2.95808e-05,2.87432e-07,1.43526e-06
img_02565.jpg,0.45329,0.00068694,0.000198162,0.000629893,0.0436213,0.497194,0.000171603,0.00420779
img_02573.jpg,0.222937,0.00452545,0.000707193,0.000988767,0.305688,0.00153275,0.00748819,0.456133
img_02574.jpg,0.110191,2.08956e-06,0.000429664,0.00218167,3.43059e-05,0.000375538,0.000258791,0.886527
img_02602.jpg,0.998595,0.000605401,0.000203972,3.87042e-05,7.11101e-05,9.25821e-05,5.52542e-06,0.000387963
img_02607.jpg,0.826606,4.24664e-05,0.0073789,0.000139912,0.161864,0.00237761,0.000255573,0.00133581
img_02622.jpg,0.972974,1.38704e-05,0.000107779,2.47507e-05,0.000339089,0.0222052,1.01471e-05,0.00432516
img_02625.jpg,0.886278,0.00127425,0.000189986,0.0030171,0.000101156,0.108073,0.00014984,0.000917323
img_02636.jpg,0.274089,0.00843933,0.00689654,0.00179985,0.407948,0.014191,0.0366382,0.249998
img_02638.jpg,0.998228,1.27034e-05,0.000417763,2.80056e-05,0.00113989,7.09735e-05,8.81892e-07,0.000102167
img_02641.jpg,0.957857,1.49664e-06,0.0148699,0.00146648,0.0240019,0.00129694,0.000385507,0.00012101
img_02646.jpg,9.35081e-06,2.22529e-08,1.27645e-06,2.3624e-06,3.37218e-08,1.95085e-07,1.86088e-08,0.999987
img_02648.jpg,0.00735465,0.000116998,0.0020749,5.50967e-05,0.00012651,0.000189871,0.000165289,0.989917
img_02651.jpg,0.965232,3.02282e-05,0.00037002,3.07985e-05,0.0338263,0.000449404,2.10961e-05,3.99648e-05
img_02656.jpg,0.997197,4.02914e-06,0.00086541,0.00173105,9.53786e-06,0.000162321,1.1729e-06,2.9599e-05
img_02666.jpg,0.997818,9.04028e-06,3.0172e-05,4.86643e-06,0.000412444,1.81154e-05,1.50047e-06,0.00170638
img_02679.jpg,0.0538676,0.485467,0.000399096,0.000274175,0.379693,0.00290579,0.00448248,0.0729107
img_02687.jpg,0.00107117,2.16047e-07,3.17809e-05,0.000159384,8.49063e-07,1.2498e-06,1.31202e-08,0.998735
img_02699.jpg,0.934422,4.72233e-05,8.37958e-06,2.47947e-05,0.000860694,0.00027136,0.00496033,0.0594052
img_02702.jpg,0.994472,6.75301e-05,4.74415e-06,3.89341e-05,0.00490476,4.73294e-06,0.000167799,0.000339238
img_02703.jpg,0.0173376,8.72393e-05,0.000554525,0.000307599,6.59039e-05,2.94197e-05,1.97987e-05,0.981598
img_02709.jpg,0.998546,9.29641e-05,3.85516e-05,0.000265555,0.000314356,0.000153756,2.34528e-05,0.000565809
img_02726.jpg,0.976285,6.3703e-06,0.00210547,1.07214e-05,0.0164335,3.67736e-05,1.75995e-07,0.00512175
img_02733.jpg,0.977439,3.00883e-05,0.000853646,0.00709738,0.00638559,0.000517823,0.000305969,0.00737078
img_02734.jpg,0.921428,0.00093951,0.0143685,0.00364696,0.000746876,0.0447204,0.00176969,0.0123804
img_02739.jpg,0.973888,3.3735e-05,4.43127e-05,1.0924e-05,0.0255924,1.31962e-05,2.21927e-05,0.000395482
img_02749.jpg,0.983689,5.679e-06,0.000284998,0.0140719,0.000527483,0.000320628,1.48329e-05,0.00108511
img_02759.jpg,6.10886e-05,9.32101e-06,6.23084e-05,7.58245e-07,6.07635e-09,6.00421e-06,3.95923e-07,0.99986
img_02764.jpg,0.999579,2.13431e-06,5.13039e-06,3.29184e-06,0.00017139,1.59777e-05,1.61841e-06,0.000221243
img_02766.jpg,0.999907,2.50442e-06,1.46376e-06,1.27165e-06,2.90715e-06,2.01692e-05,5.96716e-05,5.19331e-06
img_02769.jpg,1.95959e-07,1.91272e-08,1.58052e-07,1.68591e-08,4.76282e-11,6.13572e-08,1.26174e-07,0.999999
img_02771.jpg,0.999027,1.55814e-07,0.00014432,0.000759421,7.42457e-06,5.79811e-05,2.90098e-06,5.5253e-07
img_02789.jpg,0.422515,2.36073e-06,6.35803e-05,3.50648e-05,0.575948,5.09533e-05,0.00135761,2.76263e-05
img_02799.jpg,0.961179,0.00418434,7.21028e-05,0.000318612,0.0318579,0.000818394,0.00125299,0.000316135
img_02808.jpg,0.999697,4.74305e-05,0.000155902,5.45984e-06,8.95169e-05,1.91093e-06,1.939e-06,5.14327e-07
img_02811.jpg,0.994534,1.86501e-05,0.000133113,8.51297e-05,0.00020711,0.000300049,8.61947e-06,0.00471343
img_02830.jpg,0.00409502,0.00118083,0.000571853,0.060275,4.32321e-05,0.0365414,0.643698,0.253595
img_02834.jpg,0.566947,0.00481365,3.68258e-05,0.00127316,0.000173029,0.316694,0.00261466,0.107447
img_02837.jpg,0.974244,0.0228619,0.000211081,0.000240439,0.000363811,1.24997e-06,3.89135e-06,0.00207373
img_02838.jpg,0.802454,0.000104998,0.0497041,0.0195691,0.0276819,0.00208269,0.0163188,0.0820847
img_02842.jpg,0.0379447,8.4158e-05,1.98538e-05,0.00021848,0.00107416,0.96065,5.86423e-06,2.67041e-06
img_02857.jpg,0.000170925,0.000105543,6.79317e-06,1.76912e-06,0.999677,1.01406e-05,1.38971e-05,1.42422e-05
img_02865.jpg,0.0491618,1.45136e-05,0.00773373,0.0066986,0.081666,0.000387954,2.53204e-05,0.854312
img_02871.jpg,0.00112556,0.000371026,6.96099e-06,0.0108198,6.4086e-07,0.587164,0.40014,0.00037283
img_02876.jpg,0.433992,0.00821559,0.161836,0.00016598,0.305209,0.000432144,0.000648039,0.0895007
img_02889.jpg,0.998234,3.47233e-05,1.14452e-05,0.000204251,0.000568354,0.000116584,9.52641e-05,0.000734965
img_02890.jpg,0.102999,0.000119247,0.000620768,0.00336398,0.0469881,0.845015,7.99698e-05,0.000813045
img_02899.jpg,0.662553,2.72369e-05,0.000196348,0.0157987,0.292436,0.000941698,0.000567419,0.0274789
img_02904.jpg,0.624352,9.25838e-06,9.28775e-05,0.00104385,0.373048,6.22735e-05,6.71207e-05,0.00132498
img_02911.jpg,0.401541,0.0033643,0.132192,0.164894,0.124667,0.00237754,0.000988343,0.169978
img_02916.jpg,0.992682,1.444e-05,1.64568e-05,5.36193e-05,0.000699888,0.00641331,9.74447e-05,2.30255e-05
img_02920.jpg,0.99976,9.29416e-07,1.35772e-05,3.72089e-05,3.53976e-06,0.000162209,6.2892e-07,2.19133e-05
img_02943.jpg,0.997872,4.01907e-07,0.000126245,0.000509662,4.01653e-06,0.000328863,2.51959e-06,0.00115607
img_02949.jpg,0.882643,0.000100069,0.00158509,0.0130972,0.0993719,0.00199801,0.000914645,0.000289915
img_02954.jpg,0.611082,7.22395e-05,0.00012629,3.47357e-05,0.376733,0.00683287,0.000126518,0.00499167
img_02956.jpg,0.0710657,0.000181705,0.00362938,3.45591e-05,0.000125309,0.00172938,0.00936994,0.913864
img_02964.jpg,3.73651e-09,4.06707e-08,7.3217e-07,1.28371e-07,9.4059e-09,2.07515e-08,1.88142e-07,0.999999
img_02974.jpg,0.895258,0.000436941,0.000391067,5.34737e-05,0.0888405,0.000104631,0.000431627,0.0144835
img_02977.jpg,0.148719,0.221976,1.51572e-05,0.000213295,0.621514,0.00379468,0.000472145,0.00329542
img_02993.jpg,2.87352e-06,3.54691e-07,1.80275e-05,1.33588e-07,1.65165e-09,4.34084e-07,6.04547e-07,0.999978
img_03014.jpg,2.83974e-05,0.000333133,2.16312e-05,6.81609e-07,0.999615,1.31366e-07,5.88238e-07,3.53564e-07
img_03043.jpg,0.0303611,0.000195656,0.00243684,2.9649e-05,0.000606869,0.00725419,0.00185889,0.957257
img_03055.jpg,0.998568,1.08506e-06,1.76661e-05,2.80195e-05,6.43728e-06,0.00137232,1.58852e-06,4.49016e-06
img_03064.jpg,0.965949,0.000104476,0.000601198,6.29803e-05,0.00524983,0.00483992,0.000498386,0.0226944
img_03069.jpg,0.66359,0.142552,4.75264e-05,0.0218711,0.000283291,0.00826933,0.0118615,0.151525
img_03074.jpg,0.987671,0.00026157,4.36734e-05,0.000204889,1.71764e-05,0.0116502,0.000129544,2.2041e-05
img_03078.jpg,0.996031,7.97362e-06,0.000334899,0.00294897,6.7298e-06,0.000587248,1.59742e-05,6.74898e-05
img_03080.jpg,0.999685,4.95801e-06,4.25685e-05,7.86732e-05,0.000123984,3.35694e-05,1.605e-05,1.49011e-05
img_03082.jpg,0.00164733,0.998323,6.00906e-10,1.67026e-06,1.83988e-08,6.26489e-08,6.44338e-08,2.78265e-05
img_03087.jpg,5.7916e-05,3.65247e-06,1.9592e-06,1.72724e-07,0.999935,5.47146e-07,9.109e-07,2.41266e-07
img_03116.jpg,0.00100865,1.76678e-06,0.000202131,1.6207e-05,0.997916,4.63383e-06,2.32858e-06,0.000847988
img_03128.jpg,0.99597,3.95136e-05,7.99066e-05,1.10716e-05,0.00165076,0.000940315,5.88665e-05,0.00124996
img_03135.jpg,1.03024e-05,1.05553e-07,5.3021e-08,3.74757e-08,1.50532e-08,3.63377e-08,2.76595e-08,0.99999
img_03140.jpg,0.998246,0.000467201,0.000232521,2.79265e-05,0.000188186,0.000201988,1.28256e-05,0.00062323
img_03166.jpg,0.999938,2.3164e-09,9.85002e-11,1.16067e-09,6.1648e-05,3.24953e-10,7.34536e-10,1.16597e-13
img_03169.jpg,4.26824e-06,9.64632e-05,0.0154206,2.17899e-05,2.19281e-06,3.306e-07,0.000191019,0.984263
img_03181.jpg,0.875357,0.00878138,0.000219271,4.28045e-05,0.000360621,0.110287,2.76661e-05,0.00492434
img_03195.jpg,0.0306504,6.86845e-06,2.34158e-06,6.49061e-06,0.000657124,0.96867,4.46032e-07,6.24144e-06
img_03199.jpg,0.978164,0.000742704,0.000136193,7.90291e-05,0.0154604,0.00464704,0.000405835,0.000365398
img_03210.jpg,3.20093e-08,3.20962e-07,1.45918e-06,1.42543e-06,7.20745e-07,2.67663e-07,1.89023e-06,0.999994
