image,ALB,BET,DOL,LAG,NoF,OTHER,SHARK,YFT
img_00005.jpg,1.97988e-08,2.96586e-11,1.69489e-11,2.66937e-13,1.0,3.09748e-09,1.77104e-12,2.38911e-09
img_00007.jpg,0.999164,0.000269137,2.24001e-06,9.38702e-07,2.25639e-05,0.00015829,8.74918e-06,0.000373602
img_00009.jpg,0.999963,5.03753e-06,9.93207e-09,6.80079e-09,2.05922e-07,1.07189e-07,6.15695e-09,3.17453e-05
img_00018.jpg,0.998316,1.83346e-05,2.20525e-05,5.02588e-06,0.000112441,0.000132974,8.79463e-07,0.00139246
img_00027.jpg,0.872279,0.0918888,0.00209676,0.0005355,0.000663757,0.0297432,0.000637346,0.00215603
img_00030.jpg,0.245603,0.000335793,1.13326e-06,1.44359e-06,0.753368,8.63148e-05,0.000381265,0.000223669
img_00040.jpg,0.99994,2.34664e-08,3.51975e-09,2.68587e-09,1.2306e-08,7.08544e-07,6.75914e-11,5.93209e-05
img_00046.jpg,0.0312121,3.93079e-11,4.57283e-13,2.08144e-12,0.968788,1.30374e-08,7.92437e-11,7.06771e-09
img_00053.jpg,0.999092,3.54446e-06,2.24186e-05,9.81853e-06,1.99071e-05,3.55277e-05,3.42784e-08,0.000816741
img_00071.jpg,0.00976501,0.000105424,4.25874e-06,0.988248,5.76301e-06,0.00147353,0.000313822,8.38794e-05
img_00075.jpg,0.933834,9.11789e-06,3.73983e-07,1.66207e-05,2.33505e-05,0.0659865,1.11473e-06,0.000129363
img_00102.jpg,0.941165,2.44568e-05,3.73721e-10,2.28744e-08,9.50591e-09,2.37854e-05,6.23024e-09,0.0587871
img_00103.jpg,0.999985,1.06226e-05,7.71556e-09,1.16986e-08,4.21755e-10,2.09051e-10,2.97159e-11,4.51759e-06
img_00109.jpg,0.999704,5.79116e-11,2.06008e-10,1.54496e-13,0.000273432,5.17903e-13,1.23388e-10,2.21825e-05
img_00119.jpg,0.00640848,4.11508e-06,4.059e-07,7.39705e-07,0.795598,0.00330076,1.9796e-07,0.194687
img_00120.jpg,0.887721,0.001968,1.87597e-06,3.2698e-05,1.77624e-06,0.0932788,0.000126473,0.0168696
img_00125.jpg,0.980825,0.000291941,0.0155883,0.000216102,1.02822e-06,0.00240675,6.51177e-05,0.000605736
img_00128.jpg,1.15606e-05,7.6022e-06,0.536395,1.10326e-08,3.71633e-06,2.69718e-06,5.52987e-10,0.463579
img_00129.jpg,0.999937,6.36112e-08,8.30328e-09,6.04547e-09,7.94852e-08,8.17033e-08,4.46985e-10,6.28841e-05
img_00133.jpg,0.00550086,9.96558e-07,4.98997e-09,6.51809e-08,0.994489,6.26795e-06,1.17654e-06,1.82814e-06
img_00138.jpg,0.999295,8.9623e-06,5.11572e-06,4.49917e-06,0.000419013,8.11129e-05,7.42025e-09,0.000186679
img_00141.jpg,2.63864e-20,4.28053e-17,4.46919e-23,4.74163e-21,2.28818e-21,7.5437e-18,2.11113e-25,1.0
img_00152.jpg,2.96352e-09,4.30105e-12,1.08718e-14,3.29779e-12,3.52198e-11,7.82296e-10,1.20512e-17,1.0
img_00161.jpg,6.30014e-10,2.67324e-08,5.60286e-17,5.97942e-13,4.12114e-15,2.78497e-08,1.57292e-11,1.0
img_00164.jpg,5.14956e-05,4.03274e-10,8.45282e-11,2.5125e-10,0.999946,4.29165e-08,4.17814e-10,2.92221e-06
img_00170.jpg,0.999951,5.05125e-07,1.76717e-08,1.12673e-06,8.74312e-09,4.41998e-05,1.47016e-09,3.47859e-06
img_00171.jpg,0.00663468,1.72859e-05,0.000137066,0.0037721,4.37963e-05,0.988981,4.66963e-06,0.000409693
img_00172.jpg,9.25945e-06,9.47408e-09,4.46659e-08,6.16328e-10,0.99999,5.55068e-07,2.40329e-09,5.80736e-07
img_00175.jpg,0.0123264,1.09594e-05,0.000140056,0.0011936,0.000104111,0.985553,7.57536e-07,0.000671538
img_00180.jpg,0.00128242,9.81569e-06,7.07181e-07,1.71812e-05,0.000123258,0.0658093,1.12698e-07,0.932757
img_00196.jpg,0.0159854,5.06636e-05,2.89038e-07,1.19501e-06,0.802977,0.0091516,2.75417e-06,0.171831
img_00212.jpg,0.00388142,2.64261e-07,2.44572e-08,5.18594e-07,0.00141666,2.84757e-05,7.11327e-09,0.994673
img_00223.jpg,0.00739966,1.97449e-06,0.992583,1.2589e-06,7.74875e-06,4.20161e-06,6.78549e-08,2.11459e-06
img_00230.jpg,0.999953,1.33056e-06,9.99196e-07,1.39468e-07,1.14904e-07,3.78068e-06,2.74671e-09,4.09151e-05
img_00232.jpg,6.56502e-09,7.20876e-06,1.45939e-11,9.82945e-12,6.76311e-11,2.2888e-07,0.999993,2.12811e-08
img_00244.jpg,0.99962,0.000261315,9.87216e-07,1.11572e-06,5.80185e-08,4.07302e-05,1.65426e-07,7.51578e-05
img_00272.jpg,0.418966,3.28126e-05,0.579153,7.70423e-05,4.81075e-05,2.97194e-05,9.99693e-08,0.00169359
img_00280.jpg,0.0101373,1.46191e-06,6.85873e-08,6.76921e-08,0.989856,3.21225e-06,1.36886e-08,1.70282e-06
img_00282.jpg,0.00279657,6.88768e-06,4.62762e-05,0.00254033,2.23459e-05,0.994467,2.11371e-06,0.000118373
img_00285.jpg,0.996042,8.74268e-08,1.68674e-08,9.23144e-09,2.94388e-07,9.96081e-06,4.97173e-09,0.00394742
img_00289.jpg,0.396432,4.14507e-06,5.40621e-07,8.25539e-07,0.603068,0.000156407,4.04874e-07,0.0003378
img_00292.jpg,0.348989,0.00363457,1.85382e-05,0.000786275,0.0441968,0.0490119,0.000617632,0.552745
img_00302.jpg,0.999429,5.7818e-08,5.98121e-08,8.71895e-09,2.77447e-07,2.1317e-07,7.71162e-10,0.000570412
img_00311.jpg,1.0,1.34808e-07,2.00544e-10,8.27808e-11,2.72626e-09,5.16336e-08,1.60636e-11,2.61641e-07
img_00320.jpg,0.999942,3.64365e-07,7.03913e-10,5.90236e-10,5.55036e-05,5.14238e-07,2.46682e-09,1.20619e-06
img_00331.jpg,0.404249,4.22004e-08,4.3098e-10,2.78798e-07,1.98273e-06,0.595184,1.18779e-06,0.000564253
img_00358.jpg,0.00269277,2.36239e-06,3.9983e-13,1.16104e-08,1.84617e-11,0.997295,2.55928e-06,7.49222e-06
img_00374.jpg,0.999878,6.00313e-07,3.18044e-08,8.1271e-09,1.59515e-07,8.23425e-08,6.76442e-10,0.000121291
img_00375.jpg,0.996325,8.13758e-05,0.00192719,3.64096e-05,9.58033e-07,3.67737e-05,1.72673e-07,0.00159162
img_00376.jpg,0.999972,4.31976e-10,5.3492e-09,5.77323e-11,4.39006e-09,3.23013e-08,9.19111e-12,2.82104e-05
img_00380.jpg,0.877919,1.16035e-06,2.47102e-06,7.90119e-06,0.000219096,0.12184,3.41063e-08,1.05109e-05
img_00383.jpg,0.999777,4.73725e-05,5.84336e-07,1.66217e-07,1.3757e-05,2.11749e-06,1.48236e-08,0.000159225
img_00398.jpg,0.999937,4.64423e-07,3.93419e-10,4.99381e-10,6.09472e-05,1.20645e-07,4.63339e-09,1.7954e-06
img_00407.jpg,0.99993,1.21049e-06,5.91863e-06,3.47616e-06,1.93336e-06,1.82837e-05,1.57145e-08,3.88263e-05
img_00417.jpg,1.38408e-05,4.73014e-09,1.5187e-10,5.96258e-10,1.55788e-07,2.69516e-08,1.2842e-12,0.999986
img_00432.jpg,0.866294,2.21374e-05,0.11234,6.78231e-05,3.80105e-05,0.0209977,7.38961e-05,0.000165991
img_00442.jpg,2.59022e-18,2.35869e-16,1.03656e-21,1.74899e-20,6.59846e-17,9.0574e-17,3.78704e-24,1.0
img_00446.jpg,0.999994,1.00688e-07,8.46923e-11,1.18736e-09,5.15159e-08,7.16536e-07,9.29445e-11,5.63545e-06
img_00469.jpg,0.999983,7.62287e-08,7.40762e-08,2.4878e-09,3.62742e-06,1.70972e-06,2.59359e-09,1.1514e-05
img_00473.jpg,0.999651,1.0402e-07,9.08231e-09,3.75534e-09,0.000327797,6.09472e-06,1.88325e-08,1.52668e-05
img_00483.jpg,0.998292,4.29685e-06,1.31331e-10,1.3392e-11,3.76115e-11,3.0099e-11,1.29798e-08,0.00170351
img_00484.jpg,0.72567,0.267856,0.000498222,1.07016e-05,3.27533e-06,2.92367e-05,0.00378574,0.00214707
img_00486.jpg,0.993566,0.000517536,0.00463247,0.000194878,3.52899e-05,0.000267432,5.8953e-06,0.00078018
img_00487.jpg,4.93882e-13,8.57777e-15,5.50891e-17,8.97505e-18,1.0,8.61321e-16,4.96246e-17,2.86394e-13
img_00493.jpg,0.0072496,4.78662e-06,1.1242e-07,1.66892e-05,0.991508,9.97847e-05,3.47592e-07,0.00112029
img_00518.jpg,0.998723,4.58113e-10,6.08798e-11,2.27348e-10,0.00127704,4.81199e-09,1.8342e-09,1.7296e-08
img_00533.jpg,0.645462,1.44039e-06,8.44026e-11,1.90293e-09,8.32828e-10,3.41831e-07,8.26879e-11,0.354537
img_00538.jpg,0.999457,3.163e-06,1.61762e-07,3.05257e-08,1.64333e-05,2.46655e-07,2.30355e-08,0.000523254
img_00543.jpg,0.999998,7.65483e-08,9.17971e-10,3.22456e-10,3.26528e-07,4.72491e-07,2.24421e-10,1.05754e-06
img_00550.jpg,0.969819,6.52925e-05,0.0126658,4.02045e-05,6.25611e-05,0.0173279,3.79305e-06,1.52558e-05
img_00551.jpg,0.999996,3.46206e-08,2.46024e-09,1.21068e-07,3.45046e-10,1.38797e-06,1.2253e-10,2.88745e-06
img_00564.jpg,0.0106251,6.98741e-07,1.34109e-07,1.62619e-06,0.965442,0.023925,8.6981e-07,4.37302e-06
img_00575.jpg,0.999316,5.02898e-08,9.45553e-08,2.77856e-07,4.20888e-07,0.000391526,1.42187e-08,0.000291418
img_00582.jpg,0.999987,2.1282e-06,7.62566e-08,1.43146e-08,8.4762e-08,5.6678e-06,5.18685e-09,5.10326e-06
img_00584.jpg,0.926832,2.79258e-07,2.15182e-08,2.47337e-09,0.0716587,4.90306e-08,1.25257e-08,0.00150894
img_00587.jpg,0.382485,0.0616478,0.000302886,0.00276573,0.000639235,0.473365,0.00343279,0.075362
img_00590.jpg,0.00122044,6.89608e-05,1.84161e-08,8.8596e-10,6.75912e-12,3.18233e-09,1.07449e-11,0.998711
img_00591.jpg,0.942482,8.07712e-05,2.08072e-06,1.16755e-05,7.70783e-06,0.0467585,8.15717e-06,0.0106489
img_00598.jpg,0.999456,1.38282e-07,6.84607e-07,3.86171e-07,1.09238e-06,5.19775e-06,7.00763e-10,0.000536032
img_00599.jpg,0.99816,6.01816e-06,1.62089e-08,3.93933e-07,8.8232e-08,0.000635549,0.00015292,0.00104472
img_00612.jpg,0.977884,0.000108498,2.58218e-06,3.49177e-05,5.69694e-05,0.0159022,0.00187932,0.00413189
img_00618.jpg,0.790785,4.29472e-05,8.63621e-06,1.27826e-05,0.207314,0.000233694,1.02471e-06,0.00160126
img_00620.jpg,0.999309,1.12787e-06,4.19136e-06,5.93833e-06,0.000177872,2.29679e-05,3.1738e-08,0.000479009
img_00642.jpg,0.585331,0.00301588,0.0104582,0.0540079,0.00378023,0.305114,0.00429979,0.0339928
img_00646.jpg,2.85885e-17,5.33638e-13,3.1612e-20,2.6561e-18,3.14067e-19,6.19025e-15,1.95647e-22,1.0
img_00648.jpg,0.999998,3.77745e-07,1.01872e-09,6.23911e-10,1.76412e-07,4.26456e-07,5.07325e-10,1.39027e-06
img_00650.jpg,0.99669,5.90951e-06,2.72085e-06,2.97648e-06,0.000707544,0.00244484,8.67432e-07,0.000145119
img_00654.jpg,0.988985,0.000925832,0.00186514,6.09972e-05,0.00271603,1.85585e-05,1.9015e-06,0.00542627
img_00664.jpg,0.999998,7.01462e-08,9.27809e-11,1.61132e-11,1.60718e-06,1.20834e-08,5.67573e-11,1.11645e-07
img_00667.jpg,0.0320131,3.69774e-06,3.56184e-08,1.4697e-07,0.962099,0.000431296,8.64715e-07,0.0054518
img_00676.jpg,0.0120443,7.45438e-06,9.24194e-07,1.39793e-06,0.83442,0.00589212,5.57587e-07,0.147633
img_00697.jpg,1.17423e-25,6.06832e-21,1.71663e-28,2.01884e-25,1.12563e-26,7.78976e-23,9.07068e-30,1.0
img_00708.jpg,0.906729,9.59834e-05,3.34644e-05,4.54691e-05,0.00112218,0.0421318,0.0050466,0.0447954
img_00716.jpg,0.876719,0.00515704,7.90239e-05,0.000546769,0.000475061,0.0709185,0.00412261,0.0419822
img_00717.jpg,0.984366,0.000240309,2.91407e-05,1.50744e-05,3.70337e-06,0.0150254,2.39951e-06,0.00031786
img_00718.jpg,0.999989,5.56609e-08,1.64659e-08,4.30372e-08,3.54226e-07,6.98815e-06,3.36562e-10,3.21897e-06
img_00723.jpg,0.00131828,5.39858e-06,1.53927e-07,1.00055e-06,0.998621,1.60324e-05,1.20818e-06,3.70338e-05
img_00724.jpg,0.999635,2.24938e-06,7.33358e-07,1.29838e-08,1.48117e-05,8.23284e-09,4.7155e-08,0.000347273
img_00726.jpg,0.999691,5.9908e-10,8.56313e-13,6.70305e-12,0.000308792,1.78416e-08,1.4427e-10,1.96036e-09
img_00729.jpg,0.999047,5.7341e-10,2.49626e-12,1.7667e-11,0.0009529,2.66677e-08,2.76285e-10,3.63391e-08
img_00730.jpg,0.965106,0.000977567,3.49198e-06,2.53303e-06,0.000423103,3.48168e-05,9.97789e-05,0.0333523
img_00757.jpg,0.999313,4.29553e-05,0.000103584,4.36945e-05,9.87273e-07,2.08346e-05,1.56263e-07,0.000475259
img_00760.jpg,0.708753,0.0163456,0.00132704,0.131493,0.0012456,0.138315,0.00141204,0.00110997
img_00763.jpg,0.000224946,2.24508e-08,2.15451e-10,9.59693e-11,0.999755,1.72114e-07,6.44722e-09,2.01293e-05
img_00764.jpg,0.0200334,0.010184,0.00739537,0.00169092,0.0364809,0.00893532,0.000120574,0.91516
img_00765.jpg,2.23712e-07,4.75459e-11,1.07026e-18,3.14838e-08,2.90661e-17,1.0,1.20964e-12,2.13051e-08
img_00772.jpg,2.35238e-08,6.47581e-06,0.886174,5.32949e-08,3.19306e-06,2.22031e-05,8.77511e-10,0.113794
img_00773.jpg,0.545652,6.46177e-05,0.448425,0.000267753,0.00418147,0.000993507,1.24746e-05,0.000402924
img_00777.jpg,0.996237,0.000190513,4.17319e-06,4.4702e-05,0.000656069,0.00281715,1.68889e-05,3.40154e-05
img_00780.jpg,0.00890449,1.24153e-05,2.75476e-06,2.4149e-06,0.000910527,0.0104647,3.65256e-07,0.979702
img_00798.jpg,0.999943,1.83932e-06,1.43075e-08,2.97518e-08,3.90191e-08,8.94601e-07,3.32542e-09,5.39258e-05
img_00808.jpg,0.999928,6.15696e-08,4.3975e-09,1.18885e-09,5.54516e-10,5.5621e-10,1.83215e-13,7.22171e-05
img_00816.jpg,0.963565,8.27412e-06,1.23742e-06,8.77727e-07,0.0361713,8.75531e-05,4.18737e-08,0.000165653
img_00828.jpg,2.19667e-07,2.02267e-11,4.43611e-13,3.00711e-14,1.0,3.17385e-09,1.27933e-09,3.8744e-09
img_00833.jpg,0.00278071,7.68636e-08,3.73958e-10,6.59694e-08,1.42551e-08,0.995075,0.000201898,0.00194199
img_00837.jpg,0.999997,1.27589e-08,1.07433e-09,7.94669e-10,1.31978e-06,1.07359e-06,3.10974e-12,1.50963e-07
img_00855.jpg,0.989896,0.000270246,1.2858e-05,4.60479e-06,1.05614e-05,0.000477453,7.94838e-06,0.00932054
img_00857.jpg,0.99857,8.04603e-07,2.02939e-09,1.1502e-09,0.00141812,9.70333e-07,1.38755e-08,9.71407e-06
img_00858.jpg,0.987526,3.53933e-06,5.25266e-08,1.05579e-06,0.000367806,0.000322637,4.50974e-07,0.0117788
img_00865.jpg,0.999996,3.43257e-06,4.84278e-07,9.63726e-10,1.32735e-08,7.89252e-08,5.95434e-10,2.8088e-07
img_00876.jpg,0.00589306,4.59157e-06,8.32537e-07,1.36341e-06,0.467454,0.00608671,4.86179e-07,0.520559
img_00889.jpg,0.00736238,0.00105501,9.27592e-05,7.58328e-05,0.0246225,0.0337617,2.16218e-05,0.933008
img_00894.jpg,0.018321,3.10956e-05,6.49017e-06,2.90474e-06,0.981605,2.75615e-06,2.55298e-07,3.09533e-05
img_00902.jpg,2.11209e-08,6.59651e-06,1.52976e-11,1.01705e-11,2.43393e-10,2.07377e-07,0.999993,1.01864e-08
img_00914.jpg,0.00711497,4.02071e-05,2.11342e-07,7.54838e-08,0.000973139,6.36733e-06,8.34692e-06,0.991857
img_00921.jpg,0.178322,2.72009e-06,2.21483e-08,1.21294e-06,5.72756e-07,0.821517,3.5291e-07,0.000155725
img_00927.jpg,0.647551,0.0226136,0.000110077,0.000233175,8.37196e-05,0.00299367,0.00369884,0.322715
img_00943.jpg,0.99808,1.15886e-06,5.81873e-11,4.99923e-12,2.61067e-12,6.89568e-11,6.06814e-09,0.00191926
img_00948.jpg,7.25649e-05,1.61094e-06,1.05967e-07,3.81328e-08,0.999924,7.73542e-07,3.38863e-08,1.02402e-06
img_00950.jpg,0.000975719,5.88402e-07,2.29345e-08,1.1281e-07,0.998884,0.000138818,2.28112e-07,4.50943e-07
img_00959.jpg,0.999774,1.24223e-10,1.17627e-12,2.70018e-11,0.000225838,3.74599e-09,2.93411e-11,7.79878e-08
img_00962.jpg,1.74033e-11,2.90242e-10,2.32584e-13,1.44725e-12,5.49318e-10,1.92124e-10,6.11134e-14,1.0
img_00964.jpg,2.75085e-12,1.07194e-08,1.0,6.64704e-16,1.03088e-13,1.74145e-10,4.47756e-08,9.12099e-09
img_00966.jpg,0.04892,1.52132e-07,5.03421e-06,3.56456e-08,0.892426,2.01825e-06,2.67978e-07,0.0586466
img_00974.jpg,0.999873,5.48828e-05,1.75401e-05,1.41823e-06,2.12473e-06,5.95279e-06,5.27989e-08,4.51773e-05
img_00979.jpg,0.000788939,0.000134604,0.000274426,2.89244e-07,6.12672e-05,0.00271839,1.18363e-05,0.99601
img_00982.jpg,2.28708e-12,8.21021e-12,4.45559e-15,4.17978e-14,3.49451e-08,2.21442e-11,5.59376e-17,1.0
img_00985.jpg,0.084831,0.000963415,3.17799e-06,0.000292785,0.00232546,0.00982017,0.00241005,0.899354
img_00999.jpg,0.995744,2.60281e-05,9.55872e-07,4.82845e-07,3.07621e-07,7.15502e-06,4.72746e-07,0.00422086
img_01022.jpg,0.828241,0.00456869,0.000600683,0.0122045,0.135491,0.0122452,9.35055e-06,0.00663934
img_01031.jpg,0.888499,2.24862e-06,1.55439e-06,2.83446e-06,0.0780499,0.0334099,2.91448e-07,3.44582e-05
img_01035.jpg,0.995836,1.45929e-05,6.03935e-07,1.61424e-06,0.00123273,0.00278486,4.31285e-06,0.000125229
img_01043.jpg,1.85727e-07,6.79776e-09,1.27449e-09,1.66476e-09,0.999992,1.7167e-06,5.94279e-06,9.00579e-08
img_01058.jpg,0.467356,0.000218783,5.97662e-05,5.3965e-07,0.46984,0.000364619,3.29532e-05,0.0621275
img_01059.jpg,0.49698,0.000496413,1.61953e-07,3.6304e-05,7.50743e-05,0.473029,0.00363611,0.0257472
img_01090.jpg,0.0484181,7.76738e-05,1.69678e-06,5.16602e-07,0.950587,9.91046e-05,3.20209e-06,0.00081288
img_01102.jpg,0.00409656,0.993672,0.000367127,0.000944317,1.65922e-05,4.41853e-05,0.000148388,0.000711052
img_01103.jpg,0.48533,0.000173919,0.0120525,1.14124e-05,0.00195043,0.00051652,2.37204e-07,0.499965
img_01116.jpg,0.999725,1.96259e-05,2.29627e-06,9.39413e-07,0.00017928,6.3135e-05,1.77674e-07,9.54446e-06
img_01134.jpg,0.999995,1.52269e-08,1.25631e-09,8.75612e-08,8.96679e-11,3.43334e-06,8.72571e-11,1.22902e-06
img_01142.jpg,0.999833,4.42859e-06,7.35732e-06,9.76399e-07,1.89447e-05,0.000113129,3.953e-08,2.16102e-05
img_01168.jpg,0.00367522,4.27284e-08,1.25065e-10,6.37577e-06,1.40732e-08,0.996318,6.23698e-09,5.59623e-07
img_01171.jpg,5.6432e-05,2.96439e-08,6.36579e-10,1.19767e-10,0.999934,9.3349e-08,5.77271e-08,9.12876e-06
img_01177.jpg,0.999735,3.34139e-05,1.17799e-05,4.16804e-06,4.54063e-05,0.00013897,1.32227e-07,3.11314e-05
img_01179.jpg,0.99985,9.89286e-07,1.6526e-07,2.25209e-05,2.38967e-06,0.000121571,7.87769e-10,2.22632e-06
img_01188.jpg,2.19294e-08,1.5663e-11,7.45301e-22,8.4276e-11,5.40284e-20,1.0,1.56295e-13,4.57615e-09
img_01198.jpg,0.0141309,1.25998e-06,2.31627e-10,1.39255e-09,0.985713,0.000154058,4.58813e-09,1.03774e-06
img_01204.jpg,0.0221448,8.01719e-07,4.33577e-09,2.96268e-08,0.97112,0.000353117,1.22615e-07,0.00638128
img_01208.jpg,0.000212318,6.14463e-07,7.55304e-09,7.33246e-09,0.999784,3.41003e-06,2.01693e-08,5.39073e-08
img_01211.jpg,0.997526,0.000133978,1.19508e-06,5.89429e-07,0.00108279,4.79234e-06,1.70141e-06,0.00124921
img_01213.jpg,0.999478,8.02003e-05,2.29171e-06,4.48124e-07,0.000148226,0.000136324,1.91963e-07,0.0001543
img_01222.jpg,0.154215,0.00178517,0.833812,2.11622e-05,2.00671e-06,0.00077964,1.62027e-05,0.00936847
img_01224.jpg,0.0688865,7.52197e-05,4.21804e-07,2.82399e-07,0.00044007,0.00216357,8.71076e-07,0.928433
img_01237.jpg,0.0109879,2.01725e-07,1.5681e-08,1.00371e-07,0.98143,6.60447e-05,1.93551e-07,0.00751548
img_01249.jpg,3.93629e-06,6.93624e-08,2.95745e-07,1.48273e-08,0.999982,4.59121e-08,1.82183e-09,1.32739e-05
img_01253.jpg,5.42238e-18,2.34338e-14,1.59157e-28,1.01198e-23,4.29628e-27,3.60289e-20,1.83834e-24,1.0
img_01286.jpg,0.999999,1.35536e-10,6.0772e-13,3.68143e-12,1.82534e-11,8.39269e-10,3.51477e-14,5.5707e-07
img_01289.jpg,0.80944,0.00756766,6.69573e-06,0.000138395,0.00207888,0.0985224,0.0677828,0.0144627
img_01325.jpg,0.0191876,0.000128138,8.42557e-06,2.14507e-06,0.979436,0.000123932,1.85351e-05,0.00109544
img_01328.jpg,0.99327,6.99749e-05,2.16859e-06,5.58158e-06,0.00501736,0.00137229,5.9813e-07,0.000262548
img_01366.jpg,0.00250057,8.72535e-06,8.35473e-05,0.00273855,0.000118487,0.994243,8.23378e-07,0.000306616
img_01371.jpg,0.982671,0.000210882,1.50566e-06,3.82024e-07,0.0136415,3.25662e-05,7.59537e-07,0.00344145
img_01373.jpg,0.0177802,0.000108716,0.00203038,0.000766589,0.900573,0.0779926,1.07527e-05,0.000737545
img_01377.jpg,0.000397691,5.88062e-08,1.95605e-07,6.75594e-07,0.999541,1.88123e-07,4.83425e-10,6.01041e-05
img_01379.jpg,0.999653,1.93265e-06,2.71373e-07,5.36908e-07,0.000262805,2.55756e-05,4.88844e-09,5.6013e-05
img_01384.jpg,0.979863,0.000594407,0.00467727,0.000110238,0.000716898,0.0136621,4.3046e-05,0.000332975
img_01388.jpg,0.972636,0.000980125,9.22317e-06,1.26902e-05,0.00691654,0.00893091,3.9195e-06,0.0105107
img_01392.jpg,9.3648e-10,7.15484e-10,0.999998,5.22941e-13,2.05861e-11,1.03211e-10,4.17086e-10,2.21155e-06
img_01399.jpg,5.76823e-07,0.00206605,1.39384e-07,1.17389e-07,4.00966e-05,1.65909e-06,8.31032e-09,0.997891
img_01404.jpg,0.999985,1.4914e-07,1.14968e-08,4.89594e-08,1.11504e-06,5.23956e-06,1.17015e-08,8.48041e-06
img_01405.jpg,0.999983,1.66091e-06,4.25084e-08,1.64973e-08,2.8097e-07,1.2775e-05,1.02786e-08,2.67635e-06
img_01413.jpg,0.999045,8.13095e-06,1.11945e-06,1.45949e-05,0.000523944,0.000179936,1.99495e-07,0.000226867
img_01426.jpg,0.914586,0.0853508,1.80199e-08,3.92273e-09,3.07732e-09,1.25026e-06,6.03163e-05,2.11666e-06
img_01431.jpg,0.996055,6.57765e-05,7.89347e-06,0.000207521,2.31508e-05,0.00359984,3.85233e-06,3.67731e-05
img_01441.jpg,1.12369e-09,1.01212e-06,2.09967e-14,2.24553e-12,1.55802e-12,2.67807e-07,2.02331e-10,0.999999
img_01444.jpg,0.0154588,7.05688e-06,3.73299e-06,4.95084e-06,2.63395e-07,0.983834,0.000582305,0.000108598
img_01490.jpg,6.00308e-11,1.08407e-09,0.926218,8.99724e-14,1.26592e-11,1.99499e-12,2.16885e-13,0.073782
img_01495.jpg,0.999363,2.06872e-07,4.45185e-05,1.36496e-07,2.39185e-06,6.81052e-06,4.5076e-09,0.000582992
img_01505.jpg,0.0325739,3.27621e-05,2.33778e-07,1.47027e-05,0.725527,0.0440975,1.84162e-06,0.197752
img_01511.jpg,0.993381,6.40221e-05,0.00104975,0.000179398,0.000430028,0.00482529,3.27993e-07,7.05423e-05
img_01519.jpg,0.00129107,2.39859e-07,6.45356e-10,4.61825e-07,3.69821e-09,0.998708,2.91139e-07,3.80868e-09
img_01530.jpg,0.027436,2.19145e-05,3.18815e-06,2.75582e-06,0.972415,3.76813e-06,2.7094e-06,0.000114398
img_01537.jpg,0.999528,4.84053e-07,5.85864e-07,1.54772e-07,0.000149672,1.10787e-05,5.24649e-10,0.000309652
img_01538.jpg,0.999904,3.39181e-06,2.8333e-08,5.7381e-08,6.61965e-06,8.42701e-05,5.05113e-08,1.65655e-06
img_01541.jpg,4.74301e-06,2.87286e-10,8.21666e-11,2.3872e-12,0.999995,3.4539e-08,1.31304e-08,2.43578e-08
img_01543.jpg,0.994258,2.77347e-07,0.000208372,1.01914e-06,0.00548375,6.69561e-06,6.35474e-07,4.11324e-05
img_01548.jpg,0.998731,6.78248e-07,5.972e-08,4.87186e-08,0.00102454,3.37453e-06,3.11572e-09,0.000240537
img_01552.jpg,0.999856,4.2434e-07,2.41381e-09,1.80314e-09,0.000133464,9.31095e-06,2.82378e-08,1.05959e-06
img_01561.jpg,0.00129906,2.62883e-07,1.77217e-07,4.83919e-08,0.998696,2.3072e-06,9.65417e-09,2.25992e-06
img_01562.jpg,0.0400559,0.000321913,2.90458e-07,1.63281e-06,2.27353e-07,0.00247416,8.37833e-07,0.957145
img_01571.jpg,0.999977,1.32472e-08,6.29417e-09,4.46084e-12,1.30435e-09,6.18238e-11,6.44623e-11,2.28798e-05
img_01593.jpg,0.00712487,2.48448e-06,6.89169e-09,8.15573e-09,1.23644e-07,9.38329e-05,2.96719e-09,0.992779
img_01595.jpg,3.55731e-06,3.51231e-09,2.45339e-10,3.13161e-11,0.999994,6.57855e-08,1.18693e-09,1.94363e-06
img_01616.jpg,1.0,7.23346e-09,6.52335e-14,2.84198e-13,1.71708e-10,2.37172e-10,2.61537e-13,4.89788e-09
img_01618.jpg,0.999988,4.09126e-07,3.66451e-08,2.16306e-08,2.76784e-06,6.88922e-06,1.1531e-09,2.0879e-06
img_01627.jpg,1.0,2.79882e-08,1.90312e-10,8.58476e-10,1.08432e-11,3.70322e-08,9.12949e-11,3.96996e-08
img_01632.jpg,0.995746,7.20671e-07,5.85884e-08,9.93803e-08,0.00415379,2.88377e-05,3.40959e-09,7.05224e-05
img_01633.jpg,0.979333,0.000126001,8.38793e-06,5.44912e-05,3.06921e-06,0.019108,0.000509031,0.000858
img_01640.jpg,0.999998,2.69873e-07,1.16124e-09,8.91792e-10,1.07528e-07,4.95204e-07,2.13432e-10,1.24039e-06
img_01646.jpg,0.999653,1.07848e-05,1.52656e-07,5.11588e-06,6.95848e-08,2.18499e-06,2.99561e-07,0.00032817
img_01647.jpg,5.32989e-05,7.46899e-10,2.51642e-08,2.65527e-11,0.999946,4.47331e-09,3.48779e-08,1.12029e-07
img_01649.jpg,0.998927,4.98246e-06,8.85559e-07,6.18564e-07,0.00087383,1.54799e-06,1.32121e-07,0.00019086
img_01657.jpg,2.54074e-13,2.88704e-10,0.995903,1.40511e-13,2.06625e-10,1.08713e-10,4.7071e-14,0.00409672
img_01669.jpg,0.918993,0.00279869,0.00056803,0.0278325,0.00247272,0.0457324,0.000382424,0.00121983
img_01673.jpg,0.0333855,1.53279e-07,2.99153e-10,1.29119e-10,0.966614,1.2306e-07,2.43676e-09,9.31597e-08
img_01681.jpg,0.0833796,1.36507e-05,2.24425e-07,1.09739e-07,0.00176672,5.87673e-06,8.60762e-08,0.914834
img_01684.jpg,0.311378,0.00643978,0.0348068,0.0394369,0.256813,0.243732,0.000814604,0.106579
img_01685.jpg,0.971271,1.33676e-05,0.0152549,0.000239576,2.26109e-05,0.0127887,4.87906e-05,0.000361002
img_01687.jpg,0.00627695,0.000166045,2.02473e-06,1.4554e-06,0.000109244,0.00018397,9.74206e-06,0.993251
img_01688.jpg,0.988984,0.000923663,1.08055e-07,1.58262e-06,6.49134e-06,0.00844154,0.00012109,0.00152121
img_01689.jpg,0.000904835,0.000717216,3.91596e-06,3.23747e-06,0.035888,0.530357,2.23562e-05,0.432103
img_01716.jpg,2.62013e-06,3.61405e-10,1.18309e-11,8.1222e-13,0.999997,3.86107e-08,2.0577e-08,1.25808e-07
img_01717.jpg,0.00128199,3.42173e-06,1.03041e-07,4.11705e-07,0.998666,8.79944e-06,9.91443e-07,3.86178e-05
img_01724.jpg,0.97951,1.77379e-05,3.32762e-06,1.4965e-05,0.0102825,0.00910704,5.30252e-08,0.00106395
img_01745.jpg,0.448416,0.00106966,0.182369,0.00758755,0.0256369,0.331002,0.000161413,0.00375669
img_01771.jpg,0.999966,1.60507e-06,1.44457e-05,4.40079e-08,5.23885e-07,1.2213e-06,4.77849e-09,1.61036e-05
img_01773.jpg,0.995571,0.000105481,1.06668e-08,9.17491e-07,1.93798e-08,0.000771923,4.51716e-06,0.00354648
img_01781.jpg,0.0562403,7.49402e-05,1.8248e-05,0.9395,0.000881561,0.00281,2.40344e-06,0.00047208
img_01782.jpg,6.33893e-07,2.57548e-10,1.74046e-13,3.12331e-13,0.999989,8.12977e-09,9.27199e-11,1.05237e-05
img_01802.jpg,0.024855,2.4545e-09,4.98762e-12,2.2615e-12,0.975145,1.95635e-07,2.03837e-11,2.24829e-08
img_01803.jpg,1.01882e-14,1.91389e-12,1.0,9.38548e-20,3.06956e-16,2.15434e-16,6.94547e-12,4.40895e-13
img_01824.jpg,0.933036,0.0018941,0.000258756,0.000577543,0.000312855,0.0435935,0.0090874,0.0112397
img_01825.jpg,6.05797e-06,0.997877,0.000100652,1.4377e-06,3.09777e-05,1.93272e-05,0.00195707,7.45388e-06
img_01831.jpg,0.999973,1.10522e-07,4.06386e-09,2.19248e-07,1.17958e-08,2.63779e-05,1.21748e-10,7.33045e-07
img_01834.jpg,0.00239524,2.69006e-05,8.37761e-09,4.99812e-09,1.66195e-05,1.64307e-05,2.30387e-07,0.997545
img_01847.jpg,1.79082e-07,1.24988e-09,7.63107e-20,1.3019e-16,7.42189e-21,1.02994e-13,6.6998e-19,1.0
img_01853.jpg,0.597236,0.00479825,6.15865e-05,2.701e-05,1.35375e-05,5.00745e-05,0.000149135,0.397664
img_01856.jpg,0.999944,1.35664e-07,9.19762e-09,3.072e-08,3.30775e-05,9.05626e-06,1.21956e-08,1.39555e-05
img_01860.jpg,0.999945,1.64189e-08,3.46215e-07,7.80369e-09,3.11541e-07,3.06963e-05,3.75862e-09,2.3913e-05
img_01862.jpg,0.989516,1.11393e-05,2.27171e-06,2.5561e-06,0.00559874,0.00395768,1.27608e-08,0.000911129
img_01874.jpg,0.967362,1.39878e-07,1.97134e-08,2.91626e-07,7.19092e-06,0.0302813,1.88541e-08,0.00234906
img_01888.jpg,5.473e-05,5.57983e-08,9.9764e-15,1.42558e-07,4.06809e-13,0.999945,1.61275e-09,1.53838e-07
img_01918.jpg,0.00290144,0.00192172,0.814593,0.00121086,0.0649853,0.00397821,0.000442059,0.109967
img_01930.jpg,0.991839,2.0998e-06,1.48677e-06,2.93325e-06,0.000308605,0.00783725,2.10749e-08,8.28069e-06
img_01932.jpg,0.999951,1.01376e-06,3.4009e-06,4.98741e-08,1.29509e-05,8.69442e-06,4.02819e-08,2.32712e-05
img_01955.jpg,1.41486e-16,2.34627e-17,8.09295e-27,4.04603e-23,7.37341e-21,2.26259e-20,3.66103e-23,1.0
img_01963.jpg,0.999938,2.10454e-08,7.11027e-10,1.14605e-09,4.10713e-05,1.25193e-06,2.91745e-09,1.98395e-05
img_01966.jpg,0.999998,2.15248e-07,2.92224e-10,4.98472e-11,3.14734e-12,3.84221e-10,1.35291e-11,1.86997e-06
img_01976.jpg,0.995387,4.2879e-06,9.55417e-06,1.29991e-07,0.000872017,2.71523e-05,2.19158e-07,0.00369917
img_01983.jpg,0.463937,5.49946e-05,2.88981e-05,4.02349e-05,0.530694,0.00320275,9.5584e-07,0.00204097
img_01984.jpg,0.548097,0.000138874,2.84757e-06,2.33695e-07,9.77923e-08,4.46444e-07,8.78313e-08,0.45176
img_01995.jpg,0.0947062,0.0882998,0.00652607,0.152015,0.000978609,0.41744,0.000277658,0.239757
img_01996.jpg,0.973734,2.37614e-06,6.78348e-06,4.45189e-05,8.04784e-07,0.0260593,4.58117e-07,0.000152165
img_02001.jpg,0.0223748,6.87924e-06,2.76213e-09,9.86364e-07,2.84392e-08,0.977184,1.60161e-07,0.000433481
img_02006.jpg,0.206495,0.010925,0.306563,0.0361013,2.17684e-06,0.000249692,2.97999e-06,0.43966
img_02066.jpg,0.991247,0.000311005,5.09206e-05,5.65467e-06,0.000145512,3.77977e-05,7.05309e-07,0.00820167
img_02074.jpg,0.999961,7.22476e-06,3.01848e-06,7.68984e-07,1.70579e-06,6.85824e-06,1.43755e-08,1.91422e-05
img_02076.jpg,0.251435,0.029767,0.000338567,6.09281e-05,0.657035,0.000812436,9.47959e-05,0.0604563
img_02077.jpg,0.0201614,6.33597e-05,0.000186026,0.717153,3.128e-05,0.251734,7.66011e-06,0.0106633
img_02078.jpg,0.010445,1.5367e-07,1.99187e-05,5.69296e-09,0.986386,6.22043e-08,9.235e-09,0.00314921
img_02082.jpg,0.0379432,3.46154e-07,6.4272e-09,2.70001e-08,0.961846,0.000136641,8.18293e-07,7.335e-05
img_02083.jpg,5.07611e-08,2.234e-10,3.46362e-12,1.86771e-11,1.0,2.99634e-09,2.17124e-09,4.05712e-09
img_02096.jpg,1.0,2.09107e-17,5.86624e-24,8.92921e-22,1.50104e-22,2.01716e-18,1.33589e-22,2.51815e-18
img_02119.jpg,0.0686451,2.08446e-05,0.931243,2.44809e-05,3.72693e-05,5.27364e-06,3.24982e-07,2.41717e-05
img_02124.jpg,0.536226,1.04073e-07,1.06562e-08,1.7564e-06,7.61499e-09,0.463756,3.81952e-09,1.68584e-05
img_02135.jpg,7.79039e-06,7.43638e-08,7.22137e-10,1.85761e-09,0.999945,2.99459e-08,5.7431e-09,4.67756e-05
img_02146.jpg,0.39448,0.000117267,2.34969e-05,7.12283e-05,0.604372,0.00010898,1.09852e-05,0.000815916
img_02159.jpg,0.0951772,0.00242921,0.0853346,0.00562315,0.807359,0.00299475,0.000361409,0.000720574
img_02172.jpg,0.999626,2.87998e-07,1.10347e-06,1.65324e-07,2.20103e-05,5.59981e-06,3.76217e-10,0.000344746
img_02180.jpg,0.999995,1.55139e-08,2.0555e-09,3.3405e-09,1.61631e-08,4.12218e-06,4.20254e-10,5.38369e-07
img_02188.jpg,0.998957,8.25156e-06,7.49338e-08,2.96633e-06,1.3907e-08,0.000280607,6.21598e-07,0.000750536
img_02194.jpg,0.926055,1.00045e-06,4.27547e-08,1.0633e-07,0.0735466,8.84135e-05,1.17405e-08,0.000308285
img_02209.jpg,0.919684,1.01183e-06,1.61244e-06,2.37346e-05,4.08211e-05,0.0799439,1.65371e-07,0.000304739
img_02216.jpg,0.000299163,3.58724e-05,7.62602e-06,6.66376e-08,0.999102,2.58532e-06,1.15655e-06,0.000551109
img_02231.jpg,0.594635,0.000587408,0.000441491,0.00180614,0.139608,0.215362,5.54078e-05,0.0475048
img_02235.jpg,0.0894846,0.00833802,0.00150029,0.254678,0.00610526,0.294102,0.000113393,0.345679
img_02252.jpg,0.999998,9.45119e-12,1.15226e-12,2.27281e-14,8.16116e-07,2.88038e-12,1.00595e-12,1.35078e-06
img_02268.jpg,0.999989,1.08383e-06,1.06404e-07,3.838e-07,1.13373e-09,2.14208e-07,2.29129e-10,9.22916e-06
img_02270.jpg,0.988424,0.000175504,0.00198821,0.000130762,0.00481311,0.000271973,6.49468e-06,0.00418981
img_02281.jpg,0.645561,0.0410129,0.00135906,0.308929,0.00180308,0.000927452,0.000137854,0.000269645
img_02282.jpg,1.71351e-20,2.69901e-17,1.49359e-22,1.29511e-21,2.12644e-23,6.31308e-17,5.85097e-27,1.0
img_02285.jpg,0.260707,1.24931e-09,5.63405e-11,4.33377e-11,0.739292,3.64847e-08,1.35136e-09,8.10058e-07
img_02291.jpg,0.999957,1.01061e-07,1.76897e-09,7.55454e-10,3.84562e-05,1.09123e-06,7.25905e-10,2.85995e-06
img_02299.jpg,0.795766,0.00191945,0.199044,2.15075e-05,3.77719e-06,0.00139419,1.70957e-05,0.00183457
img_02305.jpg,0.246062,0.0393925,0.011651,0.0959226,0.0679563,0.107292,0.00036895,0.431355
img_02307.jpg,0.00383394,8.33304e-05,1.06022e-08,8.60381e-06,0.000127489,0.00192285,1.18418e-05,0.994012
img_02309.jpg,0.999995,2.63261e-06,1.24239e-09,5.65535e-10,1.7636e-08,6.95797e-08,9.11606e-11,2.74173e-06
img_02318.jpg,0.619776,2.5025e-06,1.22486e-06,1.66205e-05,0.00978884,0.00202268,6.73925e-06,0.368386
img_02347.jpg,0.0437841,1.04186e-06,1.44236e-09,3.84239e-09,0.955969,0.000237641,1.5799e-08,8.46035e-06
img_02356.jpg,0.000335712,3.65687e-07,3.48241e-07,5.57687e-07,2.07985e-05,0.000796666,2.2227e-10,0.998845
img_02367.jpg,0.999656,6.79795e-07,1.20186e-07,1.38327e-07,3.07428e-05,1.01057e-07,9.52954e-09,0.000312543
img_02372.jpg,0.00151197,1.09e-06,2.2606e-05,4.84617e-06,0.99786,0.000598267,6.69252e-07,6.4617e-07
img_02379.jpg,0.995406,1.73786e-06,1.52981e-07,2.22512e-07,0.000442395,3.11653e-05,6.4255e-08,0.00411819
img_02384.jpg,0.9534,5.08807e-07,3.77983e-07,2.66045e-06,2.68494e-06,0.046524,1.18058e-06,6.817e-05
img_02398.jpg,5.86436e-05,4.06728e-07,5.87033e-07,2.14865e-06,4.35869e-08,0.000286765,3.37326e-09,0.999651
img_02400.jpg,0.992524,9.70984e-05,0.000846715,7.49261e-05,9.03924e-05,0.00022045,3.7842e-06,0.00614306
img_02406.jpg,0.00136871,3.77654e-05,0.000283119,0.971043,2.26579e-06,0.0248003,7.63879e-06,0.00245741
img_02412.jpg,0.836739,1.14945e-05,2.8013e-07,7.87781e-07,0.0117141,0.000258717,5.95042e-07,0.151275
img_02416.jpg,1.20957e-15,2.26425e-15,8.84062e-19,4.00782e-17,6.6141e-11,4.55438e-14,8.70903e-21,1.0
img_02422.jpg,0.828742,0.119794,3.08263e-06,0.000187478,1.00387e-05,0.0246272,0.000192239,0.0264445
img_02479.jpg,2.91634e-13,2.06966e-14,1.17334e-16,1.30046e-16,1.0,1.61202e-13,6.05211e-17,4.63685e-12
img_02486.jpg,0.999127,8.5595e-05,3.36586e-06,2.45993e-05,2.65187e-08,0.000319907,4.91244e-08,0.000439424
img_02487.jpg,0.997608,3.12959e-07,5.31577e-10,3.10529e-11,4.48823e-10,1.02285e-09,9.63175e-08,0.00239174
img_02507.jpg,0.980992,0.000153927,0.00221773,0.000132532,0.000127918,0.016263,7.07128e-06,0.000105755
img_02522.jpg,0.998547,0.000229011,5.14446e-06,1.95382e-05,0.000333083,0.000739755,3.9477e-05,8.73189e-05
img_02540.jpg,0.64336,0.00133334,0.000227969,0.000618592,0.000270705,0.349691,0.00390981,0.000588247
img_02546.jpg,0.970611,9.19082e-05,4.91664e-07,4.99267e-06,0.00733616,0.000548978,3.33843e-06,0.0214029
img_02556.jpg,0.000685839,1.07642e-06,9.35863e-12,4.43398e-11,1.51609e-12,9.26069e-10,3.1135e-12,0.999313
img_02560.jpg,6.95291e-06,8.83878e-08,2.44112e-07,6.60254e-08,0.999895,8.38253e-05,1.10126e-07,1.37965e-05
img_02563.jpg,2.28747e-07,1.32233e-10,3.55934e-09,9.1072e-12,1.0,1.6718e-07,5.57663e-11,4.71417e-09
img_02565.jpg,0.994726,1.67098e-05,9.27679e-08,1.20727e-06,9.87667e-07,0.0029345,8.93443e-08,0.00232012
img_02573.jpg,1.65685e-10,1.26515e-10,2.97214e-12,5.18593e-12,3.93359e-06,2.91499e-09,2.03279e-14,0.999996
img_02574.jpg,0.999999,7.52103e-09,5.46892e-12,3.14184e-11,2.39846e-11,6.19782e-10,4.52849e-13,8.56047e-07
img_02602.jpg,0.999995,3.43874e-07,3.71571e-08,3.17389e-09,8.46892e-08,1.44273e-07,1.46856e-09,4.30955e-06
img_02607.jpg,0.809376,2.86532e-06,4.02358e-06,2.11681e-06,0.189624,0.000791908,1.61393e-08,0.000199641
img_02622.jpg,0.996028,3.82043e-07,1.40722e-08,7.21848e-08,1.81776e-07,0.00396835,4.27637e-08,3.41378e-06
img_02625.jpg,0.952869,1.15787e-06,1.57595e-07,7.88558e-06,3.77078e-07,0.0470736,3.25158e-08,4.81641e-05
img_02636.jpg,0.961768,6.74104e-05,6.2269e-06,9.45757e-07,0.00941456,3.61396e-05,3.51327e-05,0.0286712
img_02638.jpg,1.0,7.06717e-11,3.94982e-12,7.0937e-12,1.30791e-10,5.65559e-10,3.07891e-15,1.61339e-08
img_02641.jpg,0.999935,3.31417e-06,2.29217e-05,2.22292e-06,1.27863e-06,1.85189e-05,2.0716e-08,1.64021e-05
img_02646.jpg,5.74298e-05,0.000199357,2.83617e-06,2.00788e-05,6.10878e-05,0.00433743,8.32317e-07,0.995321
img_02648.jpg,0.00678913,0.0042189,0.00138494,0.000207228,0.0116048,0.510663,5.86064e-05,0.465074
img_02651.jpg,0.996331,2.84194e-08,0.00108513,2.62566e-07,0.00255628,5.55264e-07,1.7023e-07,2.67962e-05
img_02656.jpg,0.999976,1.11932e-05,4.00534e-07,3.76277e-08,5.35686e-07,1.31907e-06,1.85974e-08,1.06193e-05
img_02666.jpg,0.995083,4.04453e-07,7.71856e-09,8.39981e-09,0.00485911,1.34405e-06,9.39183e-10,5.59223e-05
img_02679.jpg,0.518721,0.326424,0.0110217,0.000916581,0.12847,0.00636459,0.0072218,0.000859949
img_02687.jpg,0.222141,4.71156e-06,5.93735e-08,2.47057e-05,0.0055366,0.00248022,1.79842e-05,0.769795
img_02699.jpg,0.991943,2.53981e-07,1.30137e-09,7.44531e-09,0.00794632,4.27521e-05,1.5354e-06,6.57596e-05
img_02702.jpg,0.346747,6.10565e-07,8.06113e-09,2.1507e-09,0.633873,1.10588e-07,5.58764e-09,0.0193792
img_02703.jpg,0.316121,0.000190118,2.39609e-05,0.000162165,0.00675725,0.204206,3.48486e-06,0.472536
img_02709.jpg,0.999442,2.57009e-05,7.56145e-05,3.66311e-05,1.72317e-07,9.60356e-06,7.14031e-08,0.000410218
img_02726.jpg,0.421659,9.32885e-05,0.00016788,0.000168006,0.568086,0.00975782,2.11726e-06,6.66111e-05
img_02733.jpg,0.999908,2.95718e-06,1.71859e-06,7.38007e-06,2.69736e-07,5.82245e-05,7.13539e-09,2.18517e-05
img_02734.jpg,0.99996,1.53381e-05,4.38171e-07,7.84631e-08,1.63705e-07,1.26141e-05,8.44618e-09,1.12947e-05
img_02739.jpg,0.999999,1.94415e-07,1.11476e-10,1.10616e-10,1.08023e-08,5.65389e-08,3.68058e-11,6.76033e-07
img_02749.jpg,0.999984,1.03968e-07,8.51999e-09,9.13805e-07,1.29696e-09,1.23043e-05,3.35403e-10,2.37789e-06
img_02759.jpg,0.000804679,0.000193185,6.86112e-06,1.5225e-07,1.12227e-08,2.12096e-05,9.85418e-10,0.998974
img_02764.jpg,0.998003,3.32804e-06,5.23055e-08,1.48396e-07,0.00188719,3.86694e-05,1.16016e-08,6.70147e-05
img_02766.jpg,0.99963,2.75426e-07,4.09179e-10,2.80313e-10,0.00036733,1.14663e-06,1.29566e-08,1.31234e-06
img_02769.jpg,0.000533808,0.00245052,4.63289e-05,1.08757e-06,2.50019e-07,7.60276e-06,1.53043e-08,0.99696
img_02771.jpg,0.99998,1.64519e-06,3.97758e-07,1.52668e-07,2.13653e-08,2.53933e-06,4.12334e-08,1.5641e-05
img_02789.jpg,0.00443509,7.89094e-09,5.9452e-10,3.8428e-10,0.995558,2.9364e-06,1.55963e-08,4.14095e-06
img_02799.jpg,0.999026,3.66309e-05,3.4988e-07,3.16062e-07,0.000671451,2.09514e-05,1.99133e-07,0.000243823
img_02808.jpg,0.999966,4.77887e-07,3.44365e-06,1.99854e-06,5.83337e-07,1.86167e-05,3.33081e-09,9.00709e-06
img_02811.jpg,0.999974,1.22964e-07,2.03766e-07,4.51697e-07,5.58091e-07,2.21371e-05,1.03211e-09,2.50542e-06
img_02830.jpg,0.0954787,0.0432821,2.53126e-05,0.00203437,9.41934e-06,0.839578,0.0176844,0.00190744
img_02834.jpg,0.53934,0.24926,9.47404e-07,0.000112497,3.2524e-09,0.0502296,1.29346e-05,0.161043
img_02837.jpg,0.988732,0.000509258,1.3003e-06,1.00158e-05,0.000144479,0.000170253,1.71677e-06,0.0104306
img_02838.jpg,0.94005,8.38315e-05,0.000437052,1.31406e-05,2.06015e-05,1.63468e-06,7.16309e-08,0.0593936
img_02842.jpg,0.987376,8.2968e-08,4.96112e-08,1.49703e-06,2.42413e-07,0.0125676,6.90612e-09,5.48478e-05
img_02857.jpg,0.137653,0.0117857,5.91287e-06,4.98299e-06,0.849146,0.00011961,0.00013453,0.00115016
img_02865.jpg,0.0169398,7.46058e-06,2.4253e-07,8.13009e-07,0.95387,0.00177536,1.20191e-06,0.0274047
img_02871.jpg,0.0591595,0.00113323,9.17022e-08,1.40126e-05,8.91303e-07,0.0196072,0.920072,1.28018e-05
img_02876.jpg,0.996842,8.26144e-07,0.000374917,4.05149e-08,0.000154397,4.47467e-06,3.52552e-07,0.00262265
img_02889.jpg,0.999241,1.30678e-05,4.39675e-05,9.23636e-05,3.59784e-06,3.42987e-05,1.53941e-07,0.000571741
img_02890.jpg,0.0555373,4.41237e-05,0.000676122,0.00266773,0.000107594,0.939376,1.79312e-06,0.00158903
img_02899.jpg,0.993224,1.38697e-06,2.68316e-07,0.000426654,3.04808e-07,5.57153e-06,9.53829e-08,0.00634212
img_02904.jpg,0.999571,5.84411e-07,7.6917e-06,4.31589e-06,9.43222e-05,2.08164e-05,4.14546e-09,0.00030152
img_02911.jpg,0.189157,0.0207769,0.000237496,0.789551,8.32813e-05,0.000115606,2.57064e-05,5.33981e-05
img_02916.jpg,0.957363,3.95942e-06,3.84411e-06,5.01828e-06,0.0268828,0.0157089,8.96054e-07,3.14856e-05
img_02920.jpg,0.999919,1.99665e-06,8.49826e-08,3.8132e-08,2.55408e-05,4.62388e-06,3.93943e-08,4.86119e-05
img_02943.jpg,0.999995,4.65938e-08,5.37306e-10,1.40656e-07,5.44013e-10,4.22366e-06,2.29407e-11,1.12379e-07
img_02949.jpg,0.999482,7.65131e-07,0.000392965,4.61157e-05,1.9111e-05,1.66972e-06,1.47454e-08,5.73332e-05
img_02954.jpg,1.16657e-06,7.25212e-10,2.73551e-10,4.49198e-12,0.999999,1.22827e-09,2.01661e-10,2.79727e-07
img_02956.jpg,0.995242,1.24147e-05,4.31206e-05,1.18096e-07,0.000321789,5.5389e-05,1.08622e-06,0.00432399
img_02964.jpg,8.2527e-19,8.42427e-19,1.20741e-23,2.67717e-20,8.47583e-22,6.49806e-18,9.43733e-26,1.0
img_02974.jpg,0.999806,1.2314e-08,2.24911e-09,4.93981e-12,2.27911e-09,1.50303e-11,2.66872e-09,0.000194453
img_02977.jpg,0.935966,0.00826095,2.48079e-06,2.41191e-06,0.0544585,0.000496927,3.64298e-05,0.000776235
img_02993.jpg,0.000519436,1.35533e-05,2.28886e-06,2.15202e-06,1.28533e-06,0.00639412,4.81522e-08,0.993067
img_03014.jpg,1.49185e-06,3.4689e-08,4.79896e-12,9.2716e-12,0.99999,7.73288e-06,5.35064e-08,7.22617e-07
img_03043.jpg,0.00236503,0.000174868,8.77285e-07,1.38174e-06,0.00925559,0.140999,2.60394e-05,0.847177
img_03055.jpg,0.999977,6.35535e-08,2.13539e-09,7.17925e-09,5.11699e-09,2.20393e-05,7.70947e-09,9.19452e-07
img_03064.jpg,0.999123,2.26369e-07,2.33154e-06,6.16063e-08,1.83571e-05,2.5846e-05,3.68775e-08,0.000830376
img_03069.jpg,0.984197,5.08888e-05,1.19613e-07,4.93937e-06,4.84168e-08,1.53985e-06,3.3885e-08,0.0157458
img_03074.jpg,0.999936,2.1369e-05,2.11506e-08,2.3881e-07,7.39353e-08,1.75399e-06,3.48527e-07,4.0297e-05
img_03078.jpg,0.996393,7.90007e-06,0.0033429,5.76308e-06,1.09251e-05,0.000134052,1.80882e-06,0.00010386
img_03080.jpg,0.997418,5.01003e-07,7.61014e-07,8.33031e-07,0.00210126,0.000236279,1.52225e-07,0.0002422
img_03082.jpg,0.997128,0.00287149,3.75108e-12,1.07068e-12,8.77762e-18,8.02985e-13,1.96742e-13,3.65635e-07
img_03087.jpg,5.0185e-06,4.5927e-08,4.41243e-10,1.35618e-11,0.999995,3.40289e-09,3.21745e-09,3.73273e-09
img_03116.jpg,5.19964e-05,1.58284e-08,6.84027e-10,1.71243e-10,0.999918,7.99895e-07,5.0012e-08,2.91685e-05
img_03128.jpg,0.982472,6.66839e-06,8.1873e-08,5.24671e-08,6.24803e-08,3.65011e-07,2.54824e-07,0.0175202
img_03135.jpg,0.0031821,3.88042e-08,4.38039e-12,7.45061e-12,1.69465e-12,5.31639e-12,9.14837e-14,0.996818
img_03140.jpg,0.999997,1.6863e-06,5.88137e-09,3.67998e-09,2.74725e-08,1.34859e-07,2.31949e-09,6.84487e-07
img_03166.jpg,0.018316,3.40003e-09,1.2653e-12,1.54901e-12,0.981684,7.91884e-08,4.34172e-11,1.63842e-08
