image,ALB,BET,DOL,LAG,NoF,OTHER,SHARK,YFT
img_00005.jpg,8.94296e-11,3.07868e-19,1.78332e-26,8.51092e-21,1.0,8.13952e-18,5.18498e-25,2.29614e-20
img_00007.jpg,0.196344,0.595859,0.00591915,0.0232858,0.0124164,0.0111445,0.0037289,0.151302
img_00009.jpg,0.985184,0.0024159,0.000206169,0.000406651,0.00124565,0.00742677,0.000527759,0.00258717
img_00018.jpg,0.659998,0.186216,0.022404,0.0590313,0.012335,0.0291214,0.00580454,0.02509
img_00027.jpg,0.756504,0.0597472,0.00787383,0.00139192,0.03278,0.0116717,0.00174686,0.128285
img_00030.jpg,0.0499816,0.00195759,2.09889e-05,0.000138357,0.945046,8.49133e-05,0.000642976,0.00212737
img_00040.jpg,0.929211,0.00266745,0.000134336,0.000393529,0.0488759,0.00181404,0.00479794,0.0121058
img_00046.jpg,0.999999,4.8546e-09,5.2915e-09,2.75709e-10,8.5925e-07,4.58585e-07,1.18356e-08,3.31382e-09
img_00053.jpg,0.976976,0.00290785,0.000814398,0.00058959,0.00916518,0.00674618,0.000407683,0.00239287
img_00071.jpg,1.00677e-07,3.70107e-05,2.06768e-10,0.999958,7.23252e-09,1.83409e-06,1.08633e-09,2.63204e-06
img_00075.jpg,0.918696,2.53764e-05,2.79534e-06,3.11196e-05,0.000238896,0.0809348,6.47643e-05,6.63316e-06
img_00102.jpg,0.58077,0.000520625,4.83948e-05,1.63511e-05,2.39358e-05,0.00142076,0.000124327,0.417076
img_00103.jpg,1.0,5.86874e-18,1.2292e-16,9.52686e-16,1.82118e-17,1.95806e-10,3.13861e-16,7.30138e-13
img_00109.jpg,0.999993,6.78624e-08,5.1807e-08,1.04919e-09,6.03919e-06,6.55303e-07,2.06428e-08,9.22695e-08
img_00119.jpg,0.00271504,0.000149512,8.76227e-07,2.84331e-05,0.996734,5.58252e-06,1.48648e-06,0.000364592
img_00120.jpg,0.997711,6.86269e-05,1.15741e-05,4.25541e-06,0.000223642,8.26538e-05,0.000478723,0.00141982
img_00125.jpg,0.0758339,2.49367e-06,9.82006e-07,3.79369e-05,1.5452e-06,0.92381,4.63631e-05,0.000267063
img_00128.jpg,0.258222,0.0192853,0.00119183,0.000454279,0.000566175,0.00466014,0.000471065,0.71515
img_00129.jpg,0.822315,0.0219326,0.000659485,0.002788,0.108442,0.00429549,0.0072466,0.0323213
img_00133.jpg,0.0346217,0.00235777,1.18306e-09,3.73794e-07,0.963014,2.90409e-06,2.22567e-09,3.66742e-06
img_00138.jpg,0.999763,3.63776e-05,1.96811e-05,2.68457e-06,3.76861e-05,0.000112098,1.10288e-05,1.78035e-05
img_00141.jpg,7.10421e-06,9.26905e-08,2.35818e-07,1.75587e-08,2.45459e-10,2.40644e-07,2.42508e-08,0.999992
img_00152.jpg,1.28768e-05,4.265e-10,2.17508e-09,2.23174e-09,5.40586e-12,1.20122e-05,2.41672e-09,0.999975
img_00161.jpg,1.04614e-09,2.26606e-17,8.73291e-16,6.68801e-17,8.77464e-19,3.4697e-13,2.91629e-15,1.0
img_00164.jpg,1.36041e-11,2.04015e-15,1.09033e-21,2.12116e-16,1.0,7.61012e-13,8.85759e-21,4.42696e-15
img_00170.jpg,0.994005,0.00114923,0.000111377,0.000271321,0.000217729,0.00346665,9.23677e-05,0.000686964
img_00171.jpg,0.958835,7.71766e-05,3.09319e-05,0.000110582,0.00030813,0.0405894,3.86276e-05,9.73145e-06
img_00172.jpg,0.000106609,2.39435e-09,1.19683e-12,5.31799e-11,0.999893,7.93122e-11,3.07908e-12,1.1314e-08
img_00175.jpg,0.950426,4.53758e-05,4.93781e-05,7.979e-05,0.000804731,0.0485292,4.78261e-05,1.74725e-05
img_00180.jpg,0.13833,0.000813256,0.000355917,0.000106681,9.54256e-05,0.0029528,0.000212521,0.857133
img_00196.jpg,0.000110737,6.5277e-06,6.71819e-09,8.86158e-07,0.999873,1.92738e-07,1.22188e-08,8.23608e-06
img_00212.jpg,8.32699e-09,2.83254e-18,2.53911e-16,8.03014e-17,1.38e-18,2.18922e-14,4.44749e-16,1.0
img_00223.jpg,0.923095,0.00782803,0.0630453,0.000970634,0.000222125,0.00160415,0.00174246,0.00149227
img_00230.jpg,0.94636,0.052527,0.000202077,7.89656e-05,4.55599e-05,0.000557178,0.000134366,9.45224e-05
img_00232.jpg,2.24782e-09,1.19275e-12,7.57439e-10,4.50513e-11,5.97171e-09,1.6312e-10,1.0,2.83463e-07
img_00244.jpg,0.388484,0.0079954,0.000182363,0.000163562,5.1798e-05,0.00110338,8.22069e-05,0.601938
img_00272.jpg,0.999991,9.61572e-07,3.14217e-06,3.5998e-08,6.84083e-07,3.15928e-06,1.34132e-07,7.42463e-07
img_00280.jpg,0.999405,2.16105e-05,1.85437e-05,5.91385e-07,0.000502704,3.11421e-05,1.75701e-06,1.85457e-05
img_00282.jpg,0.849517,0.000434887,0.000173203,0.000740936,0.00142339,0.147515,0.000137513,5.89422e-05
img_00285.jpg,0.999894,1.89236e-06,1.44569e-07,3.85474e-08,5.73709e-06,9.17921e-06,1.32428e-07,8.86269e-05
img_00289.jpg,0.999958,1.93088e-06,2.15386e-07,8.16469e-08,2.27169e-05,1.57266e-05,3.87137e-07,1.18021e-06
img_00292.jpg,0.878393,4.79337e-07,1.31941e-08,2.0417e-07,1.07306e-05,7.71118e-06,2.43258e-07,0.121587
img_00302.jpg,0.946658,0.003311,0.000216674,0.000540753,0.0190255,0.00283516,0.00965177,0.0177607
img_00311.jpg,0.999998,5.59216e-09,2.99413e-09,1.13892e-10,1.34075e-06,4.0948e-07,7.6008e-09,1.30724e-08
img_00320.jpg,0.990293,7.58811e-06,1.91237e-06,4.48896e-07,0.00962959,5.4802e-05,8.04431e-06,4.71222e-06
img_00331.jpg,0.990774,1.41903e-05,5.52526e-07,7.34898e-07,0.00793491,0.00110778,0.000100168,6.74553e-05
img_00358.jpg,0.811074,0.000239083,3.24342e-05,1.01539e-05,7.4194e-05,0.000511789,0.000229434,0.187829
img_00374.jpg,0.98849,1.85216e-06,3.62543e-06,4.64193e-06,4.42552e-06,0.00021685,2.95708e-06,0.0112754
img_00375.jpg,0.0124763,0.146965,0.741093,0.018742,0.0106191,0.00234311,0.00781739,0.0599445
img_00376.jpg,0.999985,1.46756e-07,4.06333e-08,2.84262e-09,1.23655e-05,9.09838e-07,3.60447e-07,9.81591e-07
img_00380.jpg,0.918015,0.000307968,0.000526494,0.000258936,0.000783996,0.0796965,0.000319486,9.21863e-05
img_00383.jpg,0.999969,1.76616e-06,9.23235e-08,4.33455e-09,2.93245e-06,2.57425e-05,7.45936e-08,2.41278e-08
img_00398.jpg,0.813684,0.180359,0.000970693,0.00010921,0.000214122,0.00259127,0.000256635,0.00181558
img_00407.jpg,0.93095,0.0507992,0.00451248,0.00340979,0.000693229,0.00575633,0.00116138,0.0027175
img_00417.jpg,2.25986e-07,2.43653e-15,8.40158e-14,1.2102e-14,2.53888e-16,1.25943e-12,3.61603e-14,1.0
img_00432.jpg,0.131669,0.0192416,0.00361039,0.00296089,0.190071,0.0582596,0.000357439,0.593831
img_00442.jpg,0.00345853,4.91328e-07,1.22106e-06,1.07438e-06,1.90462e-08,9.69089e-05,4.2265e-06,0.996438
img_00446.jpg,6.28804e-05,3.09444e-12,1.90571e-11,1.85418e-09,1.14464e-12,9.80869e-07,4.27454e-09,0.999936
img_00469.jpg,0.673156,6.59143e-06,1.1417e-05,4.58708e-06,8.46636e-05,3.95944e-05,0.000507632,0.326189
img_00473.jpg,0.977214,0.0019466,2.6474e-05,7.11411e-05,0.00439634,0.000638281,0.000181007,0.0155267
img_00483.jpg,0.674618,0.32128,0.00110883,3.66589e-05,4.41324e-05,0.000589982,9.05557e-05,0.00223182
img_00484.jpg,1.57803e-05,3.68092e-14,7.57549e-13,8.12316e-11,1.42661e-15,7.16369e-06,2.70441e-12,0.999977
img_00486.jpg,0.999109,0.000100238,8.69607e-05,1.8846e-05,0.000105004,0.000486146,4.64265e-05,4.7763e-05
img_00487.jpg,3.42899e-10,4.64943e-14,1.836e-20,9.64093e-15,1.0,7.5683e-15,4.33676e-18,6.80813e-15
img_00493.jpg,0.000655396,5.85743e-08,1.85807e-10,1.25035e-08,0.999344,7.54332e-08,4.00405e-10,1.1129e-07
img_00518.jpg,1.0,5.06487e-11,2.03734e-11,1.52915e-11,2.0347e-07,1.46829e-08,2.91955e-10,1.20465e-09
img_00533.jpg,0.754224,0.0017593,6.72326e-05,2.7991e-05,0.000153739,0.000347907,0.000212709,0.243207
img_00538.jpg,0.784164,0.0385313,0.00164336,0.00196039,0.000944327,0.0423043,0.00287486,0.127577
img_00543.jpg,1.0,6.14809e-10,5.21932e-10,2.18359e-11,1.65231e-07,2.2769e-07,1.19385e-09,2.81605e-09
img_00550.jpg,0.15648,0.104497,0.00805631,0.0245625,0.0878211,0.564408,0.00115757,0.0530187
img_00551.jpg,0.999985,6.18007e-07,5.1997e-07,1.20859e-07,9.35402e-07,1.21479e-05,3.74972e-07,7.49938e-07
img_00564.jpg,2.07618e-05,2.10363e-08,4.69088e-12,5.45517e-10,0.999979,2.80268e-08,4.37818e-11,2.84195e-08
img_00575.jpg,0.999999,1.01229e-08,6.84739e-10,1.41211e-10,3.05672e-07,3.26459e-07,3.03842e-09,2.07981e-08
img_00582.jpg,0.126633,0.705007,0.0131858,0.024712,0.00540855,0.0168985,0.00277406,0.105381
img_00584.jpg,0.999614,4.61432e-05,1.4569e-06,5.16318e-07,0.000251343,3.69924e-05,3.94931e-06,4.59624e-05
img_00587.jpg,0.0102695,0.000334843,2.56017e-05,7.17519e-06,4.38927e-05,0.000222667,8.16274e-05,0.989015
img_00590.jpg,0.684511,0.000134811,8.15608e-06,1.97099e-06,1.84208e-05,6.08683e-05,1.50175e-05,0.31525
img_00591.jpg,0.804547,0.0148913,0.000428235,0.000265993,0.0118532,0.00247133,0.00120828,0.164334
img_00598.jpg,0.999983,1.12738e-06,4.01676e-07,1.81953e-07,2.70885e-06,9.30699e-06,2.60547e-07,3.21317e-06
img_00599.jpg,0.99742,0.000435665,3.08996e-05,3.54487e-06,0.00110632,0.000746073,3.44434e-05,0.000222863
img_00612.jpg,0.9981,1.91366e-05,6.85587e-07,1.54209e-07,3.79311e-05,0.00183779,9.05212e-07,3.11061e-06
img_00618.jpg,0.999903,2.29155e-05,1.87249e-06,3.50993e-07,2.34986e-05,4.00895e-05,1.44033e-06,6.5452e-06
img_00620.jpg,0.997097,0.000178223,8.84167e-05,6.60999e-05,0.00193474,0.000431706,8.08359e-05,0.000122828
img_00642.jpg,1.75893e-08,0.00022364,6.52821e-09,0.999776,1.38265e-09,1.636e-07,2.6837e-10,1.68376e-07
img_00646.jpg,3.06454e-05,2.95069e-09,1.26236e-06,2.28254e-08,1.44025e-10,1.00883e-06,1.34648e-07,0.999967
img_00648.jpg,1.0,3.74603e-10,3.13773e-10,1.64294e-11,4.92675e-07,5.8339e-08,1.16345e-09,4.62229e-09
img_00650.jpg,0.943558,0.000209534,1.21394e-05,5.06624e-05,0.0531577,0.00283102,3.03833e-05,0.000150695
img_00654.jpg,0.9997,4.31192e-05,3.14737e-05,2.72613e-06,0.000113925,4.55812e-05,1.65896e-05,4.62867e-05
img_00664.jpg,0.996839,0.00125123,3.81313e-05,1.34478e-05,0.00116479,0.000542408,6.56488e-05,8.52634e-05
img_00667.jpg,0.000722613,6.332e-05,1.70616e-07,1.51113e-05,0.999112,2.4946e-06,2.90292e-07,8.43924e-05
img_00676.jpg,0.00246317,0.000117986,6.05917e-07,2.2625e-05,0.997084,3.87095e-06,1.75002e-06,0.000305813
img_00697.jpg,6.90757e-10,5.56994e-15,1.18754e-12,1.44802e-12,1.4029e-16,1.77426e-10,7.00758e-13,1.0
img_00708.jpg,0.997176,1.53382e-05,1.06178e-05,2.47328e-06,0.00075995,0.00197532,3.07183e-05,2.93941e-05
img_00716.jpg,0.0658222,0.00792943,0.00185069,0.00166313,0.00278181,0.00280247,0.078883,0.838267
img_00717.jpg,0.00126834,0.899257,0.00175929,0.0828231,0.000452787,0.00498342,7.78204e-05,0.00937799
img_00718.jpg,0.999989,2.11429e-07,3.26559e-08,1.1217e-08,9.63115e-07,9.7362e-06,5.92393e-08,6.68228e-08
img_00723.jpg,2.27113e-05,5.41118e-09,6.51183e-12,1.3931e-09,0.999977,7.1859e-10,4.06709e-11,5.71499e-09
img_00724.jpg,0.826207,0.000109642,0.000476346,0.000153783,0.000320292,0.00795092,0.0204354,0.144347
img_00726.jpg,0.999982,5.29416e-08,1.41888e-07,1.4367e-09,4.53891e-08,1.80142e-05,6.08653e-08,1.22324e-07
img_00729.jpg,0.999292,1.77191e-06,9.46332e-07,3.06218e-07,0.000678787,2.2817e-05,1.81888e-06,1.25502e-06
img_00730.jpg,0.168146,6.08905e-06,1.48001e-06,6.77612e-07,1.98642e-06,5.56884e-06,0.000254116,0.831584
img_00757.jpg,0.999731,8.64645e-06,3.87177e-06,2.05221e-06,5.3041e-05,0.000192328,5.10236e-06,4.20484e-06
img_00760.jpg,1.63235e-10,2.37997e-08,3.71536e-12,1.0,1.39131e-13,9.50537e-09,4.62464e-13,3.6211e-09
img_00763.jpg,0.000444606,0.000121308,8.10372e-08,1.20275e-05,0.9993,3.10282e-07,1.03063e-07,0.000121565
img_00764.jpg,2.28994e-07,8.34725e-12,9.12462e-14,2.89571e-14,9.78036e-14,1.79075e-12,4.00885e-13,1.0
img_00765.jpg,2.34573e-06,2.08291e-09,3.79532e-09,1.10105e-06,2.17739e-08,0.999957,3.13964e-08,3.97975e-05
img_00772.jpg,0.339382,0.00411409,0.0276892,0.00192918,0.000612399,0.017622,0.00173479,0.606916
img_00773.jpg,0.929074,0.00179519,0.00682763,0.00102348,0.0157662,0.040805,0.00408371,0.00062438
img_00777.jpg,0.988375,0.00640492,0.000263653,0.000261266,0.00297874,0.00122221,0.000118232,0.000376315
img_00780.jpg,0.10673,0.000132858,0.00486101,0.000221806,0.000159343,0.0382291,0.0025227,0.847144
img_00798.jpg,0.992121,0.000649419,0.000215803,7.68288e-05,2.95768e-05,0.00652458,4.78619e-05,0.000335262
img_00808.jpg,0.999855,6.29944e-06,2.44865e-06,1.61877e-06,1.07813e-06,1.41151e-05,7.41646e-07,0.000118659
img_00816.jpg,0.999725,0.000126349,1.31772e-05,5.24418e-07,2.34831e-05,7.65504e-05,7.79226e-06,2.73073e-05
img_00828.jpg,3.87694e-12,1.26193e-14,2.38213e-21,5.00791e-17,1.0,2.85564e-18,1.04234e-18,2.83576e-12
img_00833.jpg,0.979645,0.000868858,9.25604e-05,3.62777e-05,0.0137379,0.00520616,6.65274e-05,0.000347133
img_00837.jpg,0.999838,5.75787e-10,2.32066e-11,6.31179e-11,0.000162365,3.12986e-08,1.07506e-10,2.64725e-09
img_00855.jpg,0.897791,0.00441136,0.00055013,0.000738932,0.00279977,0.0207115,0.00225456,0.0707427
img_00857.jpg,0.936609,7.29104e-05,1.07403e-05,5.50054e-06,0.0630132,0.00020591,3.31321e-05,4.92357e-05
img_00858.jpg,0.999389,2.05417e-06,3.81798e-07,6.79531e-07,0.000311892,0.000281333,8.07394e-06,6.53966e-06
img_00865.jpg,0.973165,0.000685858,0.000139805,6.60413e-05,1.06045e-05,0.00770395,6.98775e-05,0.0181587
img_00876.jpg,0.048288,0.00172303,2.38772e-05,0.000302237,0.946628,0.000160978,7.2658e-05,0.00280129
img_00889.jpg,0.000199217,0.000110781,0.228288,4.28603e-05,1.46307e-06,1.27577e-05,3.32262e-05,0.771312
img_00894.jpg,0.953911,4.24469e-06,1.16634e-06,3.68626e-07,0.046072,3.52677e-06,2.24848e-07,7.58014e-06
img_00902.jpg,2.30002e-09,6.67951e-13,5.55072e-10,2.55037e-11,1.52613e-09,1.7931e-10,1.0,3.09601e-07
img_00914.jpg,3.66189e-09,8.26471e-17,1.15655e-17,9.31238e-18,7.19456e-19,2.32497e-15,6.59091e-17,1.0
img_00921.jpg,0.998585,4.47859e-05,1.61815e-06,8.5474e-07,0.000346895,0.00101175,4.53919e-06,4.98569e-06
img_00927.jpg,0.998331,0.00011405,1.6352e-05,2.56281e-06,7.86475e-05,0.000420231,9.7962e-06,0.00102737
img_00943.jpg,0.942906,0.0536308,0.00103672,3.36495e-05,0.000167723,0.000697573,0.000156928,0.00137103
img_00948.jpg,0.964065,0.0001682,0.000225468,1.01843e-05,0.0352489,6.16189e-05,9.6256e-06,0.000210488
img_00950.jpg,1.09569e-14,9.09168e-21,5.57514e-33,7.5964e-24,1.0,1.32325e-22,1.09561e-29,6.04404e-23
img_00959.jpg,0.999996,1.19056e-07,4.00541e-08,2.73265e-09,3.09445e-06,7.48539e-07,9.73017e-08,1.66367e-07
img_00962.jpg,0.000370708,3.9803e-06,3.21943e-09,9.38186e-07,9.67617e-09,4.76997e-05,1.17036e-08,0.999577
img_00964.jpg,0.00187735,0.117942,0.253576,0.000656058,0.000276956,0.00344662,0.000143993,0.622081
img_00966.jpg,0.760237,0.0421655,0.00261773,0.00223964,0.126884,0.0568353,0.00143842,0.00758286
img_00974.jpg,0.798556,0.0672963,0.00692625,0.00960725,0.0030672,0.0200885,0.00168451,0.0927744
img_00979.jpg,0.0029213,9.22967e-08,2.77837e-06,5.33624e-08,9.1662e-09,1.7688e-05,2.04339e-07,0.997058
img_00982.jpg,0.928375,0.0133304,0.00132948,0.000872285,0.0407894,0.0118208,0.00180273,0.00167962
img_00985.jpg,0.240853,4.92734e-07,5.2399e-09,4.82307e-07,9.37719e-06,8.27774e-06,1.00734e-07,0.759128
img_00999.jpg,0.99776,0.000114362,6.43793e-06,2.09885e-06,0.00188139,9.49538e-05,1.40283e-05,0.000126292
img_01022.jpg,0.978292,0.00137323,0.000201251,0.000433941,0.00716457,0.0118766,0.000278218,0.000380517
img_01031.jpg,0.999519,9.13642e-05,3.66496e-05,4.43851e-06,0.000201406,0.000116889,1.17688e-05,1.80911e-05
img_01035.jpg,0.991051,0.000769696,4.58892e-05,9.7474e-05,0.00686175,0.000897881,7.29556e-05,0.000203796
img_01043.jpg,4.9552e-05,0.0152305,6.86003e-08,4.48657e-05,0.984117,4.83236e-05,2.46576e-07,0.000509288
img_01058.jpg,0.998431,3.45661e-05,6.08728e-05,5.11622e-06,0.000843787,0.000569382,4.88532e-05,6.31736e-06
img_01059.jpg,0.0949243,4.9722e-08,1.71373e-08,7.8309e-08,1.24494e-06,0.000139428,2.10979e-07,0.904935
img_01090.jpg,0.00298422,3.98566e-05,3.97846e-07,8.59115e-06,0.996934,7.27643e-06,1.12912e-06,2.47785e-05
img_01102.jpg,0.00248583,0.979539,0.0001834,0.00110516,0.0130511,4.16001e-05,1.75261e-05,0.0035765
img_01103.jpg,0.237822,0.629172,0.00448644,0.00135359,0.00078074,0.00126505,0.000913512,0.124206
img_01116.jpg,0.512575,0.39832,0.0458205,0.00750983,0.00233061,0.00411214,0.00126365,0.0280682
img_01134.jpg,0.999979,3.2786e-07,1.62928e-07,7.15452e-08,3.618e-07,1.92547e-05,1.87764e-07,1.00698e-06
img_01142.jpg,0.99922,5.62328e-06,4.72976e-06,1.58919e-06,3.8424e-05,0.000684063,4.0784e-05,4.73491e-06
img_01168.jpg,4.56951e-10,3.09035e-13,3.96978e-16,5.9578e-12,1.27595e-08,1.0,1.02732e-14,2.17179e-12
img_01171.jpg,0.000468591,9.49327e-06,5.77678e-09,8.87959e-07,0.999505,9.9607e-08,1.24672e-08,1.60969e-05
img_01177.jpg,0.999858,1.58024e-06,1.0599e-06,4.07718e-07,6.38776e-05,6.08008e-05,1.22717e-05,1.79322e-06
img_01179.jpg,0.998402,2.16381e-05,1.45412e-06,4.35173e-06,0.00150768,5.39895e-05,3.3574e-06,6.05483e-06
img_01188.jpg,9.51121e-08,8.15807e-12,2.4549e-11,3.47325e-08,1.1217e-09,1.0,3.81266e-11,2.11119e-08
img_01198.jpg,0.0190322,0.000827698,9.32182e-06,9.91898e-05,0.97929,6.8605e-05,6.10068e-05,0.000612401
img_01204.jpg,0.000224524,3.26306e-06,7.62241e-09,8.84276e-07,0.999755,1.45104e-07,2.53042e-08,1.59167e-05
img_01208.jpg,3.90527e-14,2.33874e-20,3.98469e-32,1.95232e-22,1.0,6.57954e-22,4.97877e-29,1.78331e-22
img_01211.jpg,0.999141,4.77968e-05,1.60543e-06,8.36309e-07,0.000749077,4.83417e-05,3.61578e-06,8.1034e-06
img_01213.jpg,0.98089,0.000359747,0.000176239,0.000212851,0.000571598,0.0176101,5.31724e-05,0.000126667
img_01222.jpg,0.306029,0.182364,0.00317814,0.00273359,0.000386794,0.00977279,0.00141057,0.494125
img_01224.jpg,0.964167,0.000189219,0.000263746,1.97505e-05,0.000337207,0.00126451,0.000160802,0.0335979
img_01237.jpg,0.444503,0.000460569,4.35043e-05,0.000157174,0.543088,0.000679553,0.000168261,0.0109007
img_01249.jpg,0.000321659,1.35432e-06,7.68973e-09,4.34169e-07,0.999674,1.40001e-07,2.76871e-08,2.8335e-06
img_01253.jpg,7.02244e-16,3.16921e-31,9.93929e-26,7.61833e-26,5.51926e-32,2.10941e-20,1.26424e-24,1.0
img_01286.jpg,2.13876e-06,7.91238e-14,7.19274e-14,8.2298e-13,1.60305e-13,5.34641e-11,1.82994e-12,0.999998
img_01289.jpg,0.956405,8.08876e-06,1.07104e-06,4.35525e-06,0.000682433,0.00121399,4.05314e-06,0.0416812
img_01325.jpg,0.0123405,0.00990506,7.37132e-05,0.000426144,0.973815,0.000114711,0.000129476,0.0031956
img_01328.jpg,0.514947,0.01355,0.00457653,0.0141357,0.0715413,0.375049,0.0011807,0.00501957
img_01366.jpg,0.741729,0.000817162,0.000855851,0.00165171,0.00709517,0.246609,0.000825231,0.000416913
img_01371.jpg,0.998516,0.000119015,7.33887e-05,1.09741e-05,0.000263256,0.000753613,4.73463e-05,0.000216394
img_01373.jpg,0.263132,0.000314018,2.58576e-05,8.90092e-05,0.727685,0.000575055,2.5319e-05,0.00815393
img_01377.jpg,0.00937125,3.15425e-05,1.53467e-08,3.89293e-07,0.990589,4.93645e-06,3.63334e-08,2.33323e-06
img_01379.jpg,0.999903,6.42981e-07,1.0015e-07,3.90931e-08,2.67093e-06,9.35097e-05,3.28944e-07,4.2527e-08
img_01384.jpg,0.195981,0.0506271,0.00336465,0.0084867,0.625352,0.102588,0.00042377,0.0131768
img_01388.jpg,0.111861,0.0389005,0.000999451,0.00144415,0.153679,0.681816,0.00123167,0.0100681
img_01392.jpg,0.00257006,0.286837,0.435717,0.000159491,0.000739977,0.000262549,0.000119167,0.273595
img_01399.jpg,0.0438106,0.180932,0.0128037,0.00617597,0.0103743,0.146021,0.00442033,0.595462
img_01404.jpg,0.995775,0.000815935,8.2047e-05,0.000120097,0.000250314,0.00259058,8.73228e-05,0.000279034
img_01405.jpg,0.97301,0.000445868,2.95005e-05,4.65289e-05,0.0252197,0.000653557,5.96829e-05,0.000535205
img_01413.jpg,0.999119,1.76099e-05,2.12559e-06,4.10799e-06,0.000600239,0.000241522,6.03624e-06,9.12576e-06
img_01426.jpg,1.34798e-05,0.999948,5.40513e-07,1.90825e-08,1.10878e-08,2.57451e-08,2.86421e-07,3.73631e-05
img_01431.jpg,1.54026e-06,6.1524e-06,2.10365e-08,0.9999,1.76846e-09,9.13048e-05,7.18824e-09,1.47302e-06
img_01441.jpg,4.82427e-05,5.21148e-09,1.48731e-08,7.89285e-10,4.5879e-09,2.66251e-08,2.88818e-07,0.999951
img_01444.jpg,0.0413663,1.99641e-06,2.62207e-07,2.90412e-07,8.23304e-07,1.06412e-05,0.000169365,0.95845
img_01490.jpg,1.23231e-06,4.9149e-09,1.84816e-07,4.01211e-09,2.0079e-12,1.31059e-08,1.66318e-10,0.999999
img_01495.jpg,0.999463,1.1474e-05,5.78879e-06,1.06407e-05,3.09756e-05,0.000452295,3.50124e-06,2.2269e-05
img_01505.jpg,8.8574e-06,1.62251e-07,8.43502e-11,4.84785e-08,0.99999,2.84259e-09,3.24448e-10,1.02154e-06
img_01511.jpg,0.999955,2.60053e-06,2.38496e-06,1.26762e-07,1.3661e-06,3.77247e-05,7.25744e-07,5.46974e-07
img_01519.jpg,0.143815,0.0524349,0.00498496,0.00150126,0.00270408,0.788109,0.000798514,0.00565233
img_01530.jpg,0.999848,1.52226e-06,8.5229e-07,3.5153e-08,0.000144023,3.2466e-06,1.71374e-07,1.88333e-06
img_01537.jpg,0.999916,2.39789e-07,1.14453e-07,5.39797e-08,6.99849e-06,7.57848e-05,4.27586e-07,1.10721e-07
img_01538.jpg,0.388863,0.573036,0.00321298,0.0158896,0.00197457,0.0131447,0.00105322,0.0028262
img_01541.jpg,8.19366e-05,6.68404e-06,2.22445e-08,3.68537e-07,0.999856,1.82942e-08,1.58933e-08,5.52764e-05
img_01543.jpg,0.997901,4.01038e-05,4.10175e-06,1.49353e-06,0.00180998,0.000232743,1.80884e-06,8.8942e-06
img_01548.jpg,0.999999,4.05135e-07,1.55815e-07,1.37596e-10,4.14433e-08,1.51918e-07,9.32911e-09,2.03292e-08
img_01552.jpg,0.992017,1.4224e-06,1.27618e-06,7.29896e-08,0.00796203,1.54754e-05,1.509e-06,9.12662e-07
img_01561.jpg,1.53108e-08,2.63875e-12,4.49826e-19,5.79187e-15,1.0,4.87659e-14,8.42964e-18,3.24843e-13
img_01562.jpg,0.992975,7.00359e-05,1.25576e-05,7.56723e-06,0.000417791,0.000189166,0.000468478,0.0058599
img_01571.jpg,0.996886,0.00164642,0.00010538,5.8601e-06,0.000444067,0.000795428,3.72428e-05,7.96167e-05
img_01593.jpg,0.998214,1.41616e-05,1.48333e-07,5.40904e-08,2.97723e-05,2.10583e-06,8.46827e-07,0.00173881
img_01595.jpg,2.01711e-07,1.02273e-09,3.89202e-14,5.35396e-11,1.0,2.18192e-11,6.45745e-13,1.24098e-08
img_01616.jpg,0.999921,7.71302e-05,1.20556e-07,1.38022e-09,4.7073e-08,1.92215e-06,3.915e-08,2.88914e-07
img_01618.jpg,0.982868,0.00305854,0.000152099,0.000249288,0.00087,0.0113067,0.00019329,0.00130205
img_01627.jpg,0.998588,0.000155534,2.01935e-06,1.02386e-05,9.9517e-07,0.00120457,5.45577e-06,3.29412e-05
img_01632.jpg,0.999999,9.67666e-08,7.1755e-09,2.37022e-10,8.50961e-07,2.99745e-07,1.07047e-08,1.4474e-08
img_01633.jpg,0.786292,3.3965e-05,2.45667e-06,1.06851e-05,0.000903542,0.212571,5.55053e-05,0.000131234
img_01640.jpg,1.0,8.95086e-10,1.83345e-10,1.14338e-11,2.8583e-07,4.55875e-08,6.92407e-10,2.19913e-09
img_01646.jpg,0.811269,0.0171915,0.00293996,0.00504479,0.0108002,0.050376,0.024417,0.0779614
img_01647.jpg,7.99166e-18,2.79705e-25,3.09922e-37,1.47908e-28,1.0,3.2465e-25,6.95855e-32,2.15363e-26
img_01649.jpg,0.989998,8.22415e-05,1.64464e-05,2.11616e-05,0.00946464,0.00015229,3.37442e-05,0.000231958
img_01657.jpg,4.95312e-16,7.2601e-18,1.0,8.9009e-18,2.46635e-18,4.66965e-22,7.2577e-17,1.74268e-09
img_01669.jpg,7.17567e-10,7.27993e-06,7.04391e-12,0.999993,1.78338e-13,1.22649e-08,9.10675e-13,4.39437e-09
img_01673.jpg,0.305608,0.00264559,3.67587e-05,0.000161349,0.689807,0.000801842,9.0424e-05,0.00084944
img_01681.jpg,0.000125536,6.70885e-10,3.39659e-09,2.6515e-10,3.00958e-10,8.35984e-09,1.42061e-09,0.999874
img_01684.jpg,0.185225,0.0100391,0.00379395,0.00288757,0.00539258,0.0222346,0.00703236,0.763395
img_01685.jpg,0.596034,0.00608128,0.00809275,0.00290556,0.287195,0.0788637,0.00113096,0.0196967
img_01687.jpg,0.0336664,4.381e-05,6.26383e-06,1.14504e-06,2.9099e-06,1.21419e-05,2.79413e-05,0.966239
img_01688.jpg,0.107656,6.47283e-07,9.49157e-08,3.46554e-07,1.99036e-06,3.46745e-05,1.31639e-06,0.892305
img_01689.jpg,0.640603,0.0010728,0.102805,0.000965631,0.0043478,0.0209543,0.0409957,0.188256
img_01716.jpg,1.55381e-06,9.10247e-08,3.22669e-11,2.2307e-09,0.999996,9.53092e-11,1.35504e-10,2.17361e-06
img_01717.jpg,3.11716e-06,1.03381e-09,3.77383e-13,4.31841e-10,0.999997,6.95475e-11,5.46702e-12,1.2356e-09
img_01724.jpg,0.999925,1.30184e-07,5.14504e-08,3.42941e-08,5.32429e-06,6.85552e-05,2.57674e-07,5.81387e-08
img_01745.jpg,0.876141,0.0026758,0.0130064,0.00448528,0.000153477,0.10111,0.00114447,0.00128365
img_01771.jpg,0.999967,1.32732e-06,2.20272e-07,1.41326e-07,1.27398e-05,1.53331e-05,3.30405e-07,2.48202e-06
img_01773.jpg,0.992764,0.000388017,3.16414e-05,2.02708e-05,0.00440955,0.000165434,0.000270451,0.00195062
img_01781.jpg,0.000605171,0.122368,2.33981e-05,0.75124,0.125419,0.000170786,2.91749e-06,0.00017101
img_01782.jpg,6.36876e-10,1.56983e-15,2.02088e-20,3.33647e-16,1.0,1.72393e-16,1.40729e-17,1.62311e-12
img_01802.jpg,0.111985,0.000227452,1.02376e-06,8.27053e-06,0.887596,1.02463e-05,4.43123e-06,0.000167448
img_01803.jpg,4.58362e-06,0.000874925,0.910518,8.28871e-08,5.42353e-07,8.96683e-08,1.34025e-07,0.0886013
img_01824.jpg,0.716957,0.000116423,6.78218e-06,2.99934e-05,0.00185701,0.27991,5.88022e-05,0.00106426
img_01825.jpg,0.0056684,0.941491,0.00758605,0.00275557,0.00745654,0.0010757,0.000912056,0.0330549
img_01831.jpg,0.999526,1.67635e-05,1.28579e-05,5.87527e-06,2.74595e-05,0.000356342,7.4991e-06,4.71912e-05
img_01834.jpg,0.05346,1.06929e-06,6.92161e-07,3.26598e-07,2.22518e-05,2.27886e-05,1.46029e-06,0.946491
img_01847.jpg,0.565378,0.0170228,0.000163331,9.25244e-05,0.000154223,0.0012455,0.000325601,0.415618
img_01853.jpg,0.997465,0.000111162,8.70084e-06,9.94377e-07,9.90505e-05,9.24465e-05,5.93869e-06,0.00221657
img_01856.jpg,1.0,2.19481e-09,1.00707e-10,3.70273e-11,7.18402e-08,1.67488e-07,7.39753e-10,2.01237e-09
img_01860.jpg,0.980283,0.000103931,5.72912e-06,1.75255e-06,0.0194314,0.000145556,2.25744e-06,2.60085e-05
img_01862.jpg,0.999943,1.10144e-07,3.05095e-08,2.06215e-08,2.25797e-06,5.46201e-05,1.42095e-07,3.47151e-08
img_01874.jpg,0.977118,4.66204e-05,5.81448e-07,7.06969e-07,0.0223524,2.63645e-05,2.34039e-05,0.000431436
img_01888.jpg,2.88652e-09,5.91667e-12,7.39119e-13,1.63825e-09,7.51235e-11,1.0,2.36986e-12,1.9438e-10
img_01918.jpg,0.132403,0.0368523,0.000986887,0.220638,0.00702022,0.0733137,0.00653692,0.522249
img_01930.jpg,0.972108,0.000343778,0.000552741,0.000220333,0.000432691,0.0259322,0.000238461,0.000171546
img_01932.jpg,0.984911,0.000136503,7.01403e-05,5.87844e-05,0.00617439,0.000383585,0.00109981,0.00716563
img_01955.jpg,9.85659e-21,0.0,6.7889e-34,3.28986e-33,0.0,1.04181e-27,5.8834e-33,1.0
img_01963.jpg,1.0,1.9959e-10,1.59255e-11,8.75532e-13,8.84304e-10,7.37964e-09,3.16466e-11,1.23421e-10
img_01966.jpg,0.998672,3.52441e-05,5.2414e-06,7.36087e-06,6.08654e-06,0.00118219,1.18425e-05,8.01693e-05
img_01976.jpg,0.999767,1.94249e-06,2.08577e-05,2.23776e-07,9.14991e-05,0.000104241,1.09373e-05,3.19648e-06
img_01983.jpg,0.00277977,9.51937e-05,5.37274e-08,1.49066e-06,0.997118,1.41079e-06,1.5021e-08,3.94874e-06
img_01984.jpg,0.0102647,0.00235781,0.00158347,4.70108e-05,1.57924e-05,0.000210915,8.57929e-05,0.985435
img_01995.jpg,0.202327,0.0723029,0.00374411,0.0112787,0.0203846,0.00882043,0.0068837,0.674259
img_01996.jpg,0.217427,0.00198235,0.000604662,0.00312068,0.0273852,0.575808,0.0241491,0.149523
img_02001.jpg,0.063179,0.000155028,7.93463e-05,6.6966e-05,0.0109898,0.924161,0.000178609,0.00119007
img_02006.jpg,0.118728,0.0349674,0.00158936,0.797483,0.000279616,0.00223689,0.00104685,0.0436688
img_02066.jpg,0.993251,0.000588654,0.000202312,7.25532e-05,0.000376264,0.00510389,0.000260054,0.00014551
img_02074.jpg,0.984702,0.0120755,0.00024145,0.000330665,0.000134403,0.00163382,0.000164471,0.000717971
img_02076.jpg,0.0382105,0.0293133,0.000140517,0.000708918,0.908257,0.000767538,0.000128832,0.0224729
img_02077.jpg,0.97744,0.00128119,0.000123822,0.00151034,0.000641174,0.0181847,0.00025044,0.000568127
img_02078.jpg,1.85221e-05,4.94686e-08,8.58123e-11,6.10999e-09,0.999981,2.52893e-09,4.89848e-11,8.42869e-08
img_02082.jpg,0.983402,6.7832e-06,5.73909e-06,1.46305e-06,0.0164992,4.10409e-05,2.63738e-05,1.75796e-05
img_02083.jpg,2.31377e-08,2.5065e-10,1.85966e-15,8.63314e-12,1.0,1.71694e-12,1.65494e-14,4.50964e-10
img_02096.jpg,0.997076,1.34071e-05,5.63858e-05,2.03664e-06,6.97732e-06,0.00221124,9.0652e-05,0.0005437
img_02119.jpg,0.958547,0.00735667,0.0290664,0.000887149,0.000417822,0.00257384,0.000837773,0.000313302
img_02124.jpg,0.94769,3.47961e-05,5.30233e-06,5.5626e-06,0.00123984,0.0509981,1.28428e-05,1.3188e-05
img_02135.jpg,1.81151e-09,3.67067e-09,1.3407e-17,5.81757e-13,1.0,8.54425e-14,5.3467e-16,5.65917e-11
img_02146.jpg,0.999459,2.82022e-08,3.12181e-09,1.01174e-09,0.000540999,6.52007e-08,5.2283e-09,2.08518e-08
img_02159.jpg,0.110127,0.0929671,0.000985308,0.0098214,0.0626414,0.00364463,0.00212805,0.717685
img_02172.jpg,0.999997,1.60545e-08,4.83891e-09,1.25496e-09,5.49913e-07,2.67629e-06,1.40831e-08,5.93288e-09
img_02180.jpg,0.999476,3.32464e-05,5.14694e-07,2.629e-07,0.000443691,3.8956e-05,1.25922e-06,6.10331e-06
img_02188.jpg,0.89174,0.000168079,1.41335e-05,5.01759e-06,5.69923e-06,8.95793e-05,7.07082e-05,0.107907
img_02194.jpg,0.997046,0.000775167,1.18132e-05,2.59565e-05,0.00169289,0.000306056,2.4093e-05,0.000117805
img_02209.jpg,0.684218,0.00231649,0.000248384,0.000328552,0.290409,0.0221042,9.29875e-05,0.000282637
img_02216.jpg,0.84256,0.00863976,0.00194371,0.000304123,0.0519373,0.00200864,0.000409575,0.0921964
img_02231.jpg,0.0406822,0.371023,0.00944959,0.0889942,0.191009,0.00923354,0.0135723,0.276036
img_02235.jpg,0.0749886,0.0142334,0.00234073,0.00257443,0.00258944,0.00113131,0.00575113,0.896391
img_02252.jpg,1.0,4.92459e-09,1.08376e-09,2.36859e-11,3.95496e-08,4.10362e-08,9.01794e-10,7.04076e-09
img_02268.jpg,0.999807,5.86655e-06,1.91711e-06,1.15165e-06,4.52519e-06,0.000170232,3.92691e-06,4.89419e-06
img_02270.jpg,0.999599,5.18605e-05,1.16058e-05,8.29996e-06,0.00012113,0.000165059,2.14978e-05,2.14241e-05
img_02281.jpg,0.00122285,0.108638,0.00152336,0.809208,0.00029263,0.00471014,0.000182275,0.0742226
img_02282.jpg,2.01017e-06,1.38104e-10,3.26456e-08,3.73281e-09,4.96021e-12,2.59039e-06,1.90349e-08,0.999995
img_02285.jpg,1.0,8.65379e-10,1.38922e-10,1.76658e-11,1.43615e-07,7.4147e-08,6.0985e-10,4.0774e-10
img_02291.jpg,0.999947,1.28441e-05,1.30929e-06,7.6039e-08,4.03186e-06,3.46245e-05,3.40505e-07,1.33018e-07
img_02299.jpg,0.0463672,0.000329076,2.94027e-05,3.45877e-05,2.0903e-06,0.00127986,1.86654e-05,0.951939
img_02305.jpg,0.0455228,0.0131559,0.000578398,0.000856053,0.00120529,0.000875693,0.00103813,0.936768
img_02307.jpg,0.893841,2.36961e-09,2.70985e-11,1.46014e-09,9.24734e-06,1.19558e-07,1.01046e-09,0.106149
img_02309.jpg,0.999999,1.44599e-10,4.23625e-11,4.17356e-12,6.78223e-07,1.76974e-08,2.59924e-10,8.01033e-10
img_02318.jpg,1.85953e-08,4.29981e-16,8.11674e-12,3.89877e-14,2.11031e-16,1.71498e-11,1.03209e-13,1.0
img_02347.jpg,0.0138261,0.000436046,6.53593e-06,0.000109312,0.984533,5.8179e-05,5.53561e-05,0.000975524
img_02356.jpg,4.41413e-06,5.41247e-10,2.30236e-08,1.03596e-09,5.72636e-12,2.6252e-07,7.48659e-09,0.999995
img_02367.jpg,0.997522,9.95662e-06,2.61009e-06,4.4022e-06,0.00234332,5.26888e-05,1.63666e-05,4.85689e-05
img_02372.jpg,1.50952e-05,4.59362e-08,4.77627e-12,2.21696e-09,0.999976,8.50076e-06,1.65223e-12,1.20712e-10
img_02379.jpg,0.915929,0.00119647,9.15448e-05,0.000142676,0.00543721,0.00259853,0.00106419,0.0735406
img_02384.jpg,0.999992,3.45784e-09,1.19014e-09,1.94314e-10,9.21118e-08,8.29993e-06,1.57951e-09,3.34632e-08
img_02398.jpg,0.905344,0.00153551,0.000168299,0.000492352,0.00053504,0.0908859,0.000438953,0.000600285
img_02400.jpg,0.999859,2.25173e-06,5.64819e-05,3.63967e-07,3.41099e-05,3.21198e-05,1.31933e-05,2.30244e-06
img_02406.jpg,0.353163,0.167734,0.0122281,0.152663,0.010019,0.159755,0.00698461,0.137452
img_02412.jpg,0.999907,2.66458e-07,2.81625e-07,5.98848e-08,1.55729e-05,2.99784e-05,3.44807e-07,4.67101e-05
img_02416.jpg,0.876015,0.00663768,0.00100924,0.00101406,0.0973451,0.011647,0.00183713,0.00449437
img_02422.jpg,0.988993,0.00194565,2.22398e-05,6.06352e-05,0.0076454,0.000309085,0.000128836,0.000895644
img_02479.jpg,1.56589e-09,4.9787e-10,9.1114e-15,1.28693e-10,1.0,2.94311e-12,1.3971e-13,1.70058e-11
img_02486.jpg,0.754267,0.0133916,0.0131296,0.00538142,0.0134503,0.0932333,0.0164558,0.0906907
img_02487.jpg,0.903009,0.0890705,0.00104014,8.52737e-05,0.000280904,0.00283767,0.000313228,0.00336349
img_02507.jpg,0.807771,0.00418032,0.00113169,0.00115662,0.163008,0.0166538,0.000432001,0.00566671
img_02522.jpg,0.93853,0.0112285,0.000598934,0.00283874,0.00485466,0.0400594,0.000757992,0.00113188
img_02540.jpg,0.0231787,0.00510172,0.000145914,0.000870584,0.963705,0.000999935,3.0575e-05,0.00596777
img_02546.jpg,0.987512,0.00110246,3.53786e-05,1.69284e-05,0.000680607,0.000289173,5.94726e-05,0.0103044
img_02556.jpg,0.00201821,2.37235e-09,6.9971e-10,2.17159e-10,6.91987e-10,1.02334e-08,2.57355e-09,0.997982
img_02560.jpg,2.04289e-09,1.49765e-11,3.09289e-17,1.33981e-12,1.0,5.38095e-13,8.59883e-16,1.06531e-11
img_02563.jpg,7.91727e-06,8.31387e-08,2.15873e-11,1.30368e-09,0.999992,1.01047e-08,6.64503e-12,2.98525e-09
img_02565.jpg,0.983936,0.0005251,6.91586e-05,0.00015603,0.000243309,0.00889702,0.000224548,0.00594848
img_02573.jpg,0.936031,0.00415206,0.000392571,0.000586997,0.0476452,0.00949867,0.000740344,0.00095297
img_02574.jpg,0.000253363,1.85509e-09,8.11401e-11,7.24739e-10,2.28415e-10,3.25585e-09,1.65143e-10,0.999747
img_02602.jpg,0.998757,5.59534e-05,2.20261e-05,1.18278e-05,0.000279738,0.000774375,4.06638e-05,5.81047e-05
img_02607.jpg,0.990975,0.000200841,0.000167949,7.41122e-05,0.00364447,0.00458052,0.000152089,0.000204997
img_02622.jpg,0.999598,1.5391e-05,2.4079e-06,2.63673e-07,0.000214398,0.000158147,3.35494e-06,8.59981e-06
img_02625.jpg,0.0092507,5.73373e-05,1.81575e-06,2.5241e-05,0.000272593,0.990344,3.61659e-06,4.45248e-05
img_02636.jpg,0.999273,0.000127513,3.52899e-05,2.09158e-06,0.000295331,0.000212008,2.78697e-05,2.66373e-05
img_02638.jpg,1.0,1.77494e-12,9.71559e-13,2.19848e-12,2.11946e-10,2.45042e-08,7.33749e-13,4.22889e-11
img_02641.jpg,0.999081,1.24283e-05,1.69261e-05,5.99859e-06,0.000108544,0.000682595,7.7322e-05,1.51475e-05
img_02646.jpg,3.59578e-08,5.25408e-12,1.04878e-11,5.73959e-13,8.02133e-14,2.0189e-11,1.46535e-11,1.0
img_02648.jpg,0.0118232,1.37641e-05,0.000486067,3.51342e-05,7.67627e-07,0.000258601,2.63013e-05,0.987356
img_02651.jpg,0.999977,3.99651e-08,1.97283e-08,1.82732e-09,2.18783e-05,1.15857e-06,9.41899e-09,3.69706e-08
img_02656.jpg,0.601853,0.0709199,0.0074612,0.00597356,0.000846226,0.01929,0.00151627,0.29214
img_02666.jpg,1.0,2.42227e-08,3.53193e-09,2.55944e-12,3.91541e-09,6.03824e-09,2.46856e-10,1.20294e-09
img_02679.jpg,0.0956249,0.367458,0.0034714,0.00904181,0.390538,0.00535257,0.00172725,0.126786
img_02687.jpg,6.57746e-05,3.71988e-11,5.09184e-09,1.04123e-10,1.19192e-10,3.19982e-09,1.247e-09,0.999934
img_02699.jpg,0.982262,0.000861675,0.000225983,7.66017e-05,0.00201729,0.00374221,0.000844986,0.00996938
img_02702.jpg,0.999863,2.77308e-05,2.34307e-06,1.93037e-07,7.67941e-05,7.1102e-06,1.39485e-06,2.1901e-05
img_02703.jpg,0.722966,0.00792985,0.000338934,0.000150898,0.000273469,0.00308428,0.000216465,0.26504
img_02709.jpg,0.999646,1.02337e-05,7.64125e-06,3.35721e-06,3.18787e-05,0.00028887,6.51725e-06,5.30763e-06
img_02726.jpg,0.715714,2.62656e-06,1.91956e-07,1.69778e-07,0.284278,4.5714e-06,1.04539e-08,5.46322e-07
img_02733.jpg,0.999604,9.66251e-06,6.22952e-06,4.96835e-06,6.10401e-05,0.000291328,1.45981e-05,8.56309e-06
img_02734.jpg,0.129979,0.291882,0.0261463,0.0306444,0.0350788,0.0554657,0.0104607,0.420343
img_02739.jpg,0.999999,2.94603e-10,2.22292e-10,2.40546e-11,8.29945e-07,1.27195e-07,1.04485e-09,7.59118e-09
img_02749.jpg,0.998912,0.00011283,2.38087e-05,3.51331e-05,5.27025e-05,0.000691564,2.72155e-05,0.000144302
img_02759.jpg,7.67312e-05,2.75537e-09,9.41585e-07,1.65853e-08,4.21898e-11,5.47121e-07,1.51616e-07,0.999922
img_02764.jpg,0.999593,5.59072e-05,2.80683e-06,2.07211e-06,0.000219165,0.000106467,3.89569e-06,1.6333e-05
img_02766.jpg,0.997906,2.02458e-06,2.68356e-07,7.02538e-08,0.00207496,1.54311e-05,5.19657e-07,4.72191e-07
img_02769.jpg,0.000951804,9.68821e-08,8.12118e-05,4.23568e-07,4.8728e-09,1.74591e-05,7.1254e-06,0.998942
img_02771.jpg,0.998973,4.1366e-06,1.60331e-07,4.12534e-06,2.8291e-07,0.00101613,8.70932e-07,8.47863e-07
img_02789.jpg,0.993361,7.94546e-06,3.88733e-05,8.16657e-07,0.00608061,0.000494852,1.12193e-05,4.44673e-06
img_02799.jpg,0.999856,1.12284e-06,1.28406e-07,2.24301e-08,6.20234e-05,7.97913e-05,3.02879e-07,6.97479e-08
img_02808.jpg,0.892618,0.0924379,0.00320303,0.00395917,0.000386267,0.00470067,0.000933553,0.0017616
img_02811.jpg,0.999954,1.67328e-06,1.1739e-06,3.08862e-07,7.07004e-06,3.25954e-05,1.23974e-06,1.54765e-06
img_02830.jpg,0.353419,0.0707621,0.0107626,0.0102903,0.00466585,0.0525756,0.137972,0.359553
img_02834.jpg,0.000353749,1.0131e-06,1.94726e-08,3.64778e-08,2.2281e-08,2.1691e-06,5.287e-07,0.999642
img_02837.jpg,0.175993,0.420036,0.0159755,0.0321593,0.125039,0.0131889,0.0105775,0.20703
img_02838.jpg,0.901689,0.0746351,0.00273677,0.00240862,0.00290329,0.00988103,0.00163874,0.00410702
img_02842.jpg,0.516755,0.000167488,7.06884e-06,1.27745e-05,0.283122,0.199908,7.98734e-06,1.99814e-05
img_02857.jpg,0.000464578,0.777123,1.09041e-05,0.000110493,0.2206,3.40634e-06,4.22331e-06,0.00168359
img_02865.jpg,0.000263638,3.67895e-05,5.03418e-08,9.3749e-06,0.999651,1.20056e-06,1.14288e-07,3.78514e-05
img_02871.jpg,0.0584061,0.0114788,0.00628391,0.01121,0.00969034,0.0160873,0.713866,0.172977
img_02876.jpg,0.269475,0.0426236,0.00035313,0.000149181,0.00201489,0.000269326,0.000261975,0.684853
img_02889.jpg,0.999624,2.73073e-05,7.11477e-06,4.81073e-06,7.5528e-05,0.00024675,6.95992e-06,7.66343e-06
img_02890.jpg,0.915272,0.000721273,0.000544278,0.000898221,0.00475493,0.0770674,0.000575507,0.000165951
img_02899.jpg,0.993444,0.000207137,2.36158e-05,0.000281538,0.00513508,0.000722771,4.26864e-05,0.000143148
img_02904.jpg,0.999082,6.86614e-05,8.95105e-06,8.40953e-06,0.00050149,0.000283197,7.9268e-06,3.89404e-05
img_02911.jpg,6.26276e-05,0.124412,0.000132299,0.868825,0.000133772,8.65301e-05,6.72611e-06,0.00634086
img_02916.jpg,0.998825,0.000106936,6.75926e-05,1.31187e-05,0.000271504,0.00062455,3.10109e-05,6.07653e-05
img_02920.jpg,0.999749,4.5938e-06,3.92703e-07,3.83188e-07,4.65057e-07,0.000243515,9.49359e-07,5.75853e-07
img_02943.jpg,0.999849,1.16129e-06,2.67176e-07,9.28942e-07,2.61693e-06,0.00014371,1.26039e-06,7.1743e-07
img_02949.jpg,0.99978,2.53862e-05,3.31647e-06,5.74113e-06,0.00011045,4.97945e-05,5.09787e-06,1.9931e-05
img_02954.jpg,0.915057,0.000254421,0.000112532,4.59517e-05,0.0807662,0.00339564,3.0284e-05,0.000338491
img_02956.jpg,0.97936,0.00165192,0.00311706,0.000257228,0.0045741,0.00561154,0.00269337,0.00273439
img_02964.jpg,3.90015e-07,6.91668e-10,1.08924e-09,2.65843e-09,1.88221e-12,9.20177e-08,2.8995e-10,1.0
img_02974.jpg,0.997134,0.0025332,2.05039e-05,4.10636e-07,3.00697e-05,0.000271264,3.78425e-06,6.32406e-06
img_02977.jpg,0.0437119,0.0137762,0.000228323,0.00125078,0.933299,0.000622015,0.000686357,0.00642531
img_02993.jpg,0.0674414,6.55843e-06,0.0233025,2.09802e-05,9.59921e-06,0.00132958,0.000861792,0.907028
img_03014.jpg,7.14871e-07,6.8322e-09,1.35026e-12,2.58704e-10,0.999999,4.67272e-11,1.02472e-10,2.94041e-07
img_03043.jpg,0.579623,0.000394757,0.0818041,0.000550996,0.00546033,0.0223062,0.043146,0.266715
img_03055.jpg,0.974277,0.00638171,0.000267238,0.00033969,0.000159048,0.0179203,0.000256227,0.00039918
img_03064.jpg,0.999185,0.00011271,1.4345e-05,7.66121e-07,0.000186043,6.92542e-05,1.85695e-05,0.000413309
img_03069.jpg,0.961599,0.00270877,7.35166e-05,4.21908e-05,0.000213658,0.000843949,0.00023237,0.0342867
img_03074.jpg,0.922247,0.0245055,0.00103577,0.00196896,0.0258548,0.0140241,0.00245002,0.00791357
img_03078.jpg,0.999999,2.05992e-08,1.87567e-10,6.1666e-10,1.74223e-07,6.27058e-07,3.1618e-09,8.32403e-10
img_03080.jpg,1.0,3.72821e-10,3.94357e-11,1.14877e-11,3.80978e-08,4.67234e-08,2.24832e-10,6.38865e-10
img_03082.jpg,0.228429,0.770973,8.49681e-05,7.51362e-05,0.000115699,4.53253e-05,3.68449e-05,0.00024081
img_03087.jpg,3.0356e-08,3.67881e-10,1.26152e-14,1.7156e-11,1.0,2.97056e-11,5.66953e-13,4.34378e-09
img_03116.jpg,3.18423e-05,1.55506e-07,4.35623e-11,2.03203e-08,0.999967,2.72814e-09,1.71975e-10,5.44594e-07
img_03128.jpg,0.999434,6.58894e-05,1.09119e-05,1.49631e-06,4.05703e-05,0.00011969,2.03054e-05,0.000306946
img_03135.jpg,0.000680936,4.33959e-11,1.1841e-11,5.79352e-12,1.24432e-12,3.65318e-10,1.1391e-10,0.999319
img_03140.jpg,0.963301,0.0145601,0.00191429,0.00155878,0.00300382,0.0129313,0.000794132,0.00193667
img_03166.jpg,0.13663,0.0001713,9.44126e-07,5.99275e-06,0.863052,1.76446e-05,2.53801e-06,0.000119154
img_03169.jpg,0.0205086,0.0063631,0.804281,0.00143746,0.00308935,0.000629104,0.00247698,0.161214
img_03181.jpg,0.141863,0.0352431,0.00175607,0.00172984,0.0134868,0.762908,0.00216514,0.0408477
img_03195.jpg,0.992013,9.5184e-05,9.79963e-06,1.13745e-05,0.00543956,0.00225893,1.9121e-05,0.0001533
img_03199.jpg,0.999982,9.52386e-06,1.03093e-07,1.14428e-08,2.43351e-06,3.69997e-06,4.37666e-07,2.24708e-06
img_03210.jpg,1.51835e-07,1.12267e-09,5.28377e-06,3.90366e-08,2.19038e-11,8.64208e-08,5.46639e-09,0.999995
